4 1.673469792201648e-02
5 3.582993408572321e-03
6 7.227136279209789e-04
7 1.374224486283548e-04
8 2.489955428558455e-05
9 4.345781010273164e-06
10 7.367185023143819e-07
11 1.220396068646323e-07
12 1.984053005221753e-08
13 3.175846530201198e-09
14 5.017589677080991e-10
15 7.840789129076597e-11
16 1.214989220343909e-11
17 1.881217404076096e-12
18 3.036459972349803e-13
19 6.206146707654625e-14
20 2.481348460037225e-14
21 1.887379141862766e-14
22 1.809663530139005e-14
23 1.743050148661496e-14
24 1.709743457922741e-14
25 1.670885652060861e-14
