0.001 0.000999 0.998
0.002 0.001996 0.996004
0.004 0.00398403 0.992022
0.008 0.00793624 0.984094
0.016 0.015746 0.96838
0.0319358 0.030932 0.937635
0.0526111 0.0499147 0.898833
0.0790966 0.0730813 0.850868
0.111163 0.0994675 0.795324
0.148913 0.12831 0.733333
0.192418 0.158737 0.666222
0.241819 0.189875 0.595321
0.297317 0.220849 0.521957
0.359199 0.250805 0.447427
0.427857 0.278921 0.37298
0.503814 0.304414 0.299802
0.587762 0.326541 0.229022
0.68059 0.344593 0.161716
0.783427 0.357896 0.0989306
0.897678 0.365813 0.0416883
1.02508 0.367761 -0.00900813
1.16778 0.363239 -0.0522033
1.32853 0.351874 -0.0870319
1.51082 0.33347 -0.11277
1.71904 0.308101 -0.1289
1.95791 0.276344 -0.135235
2.22979 0.239788 -0.132292
2.53265 0.201178 -0.121798
2.86826 0.162862 -0.106152
3.25326 0.125667 -0.0871333
3.68815 0.0921806 -0.0673187
4.08321 0.068695 -0.0520499
4.48618 0.0503686 -0.0393859
4.87711 0.0369423 -0.0297015
5.27275 0.0267547 -0.02214
5.67805 0.0190211 -0.0163115
6.09796 0.0131489 -0.0119005
6.53676 0.00868137 -0.00866703
6.99883 0.00523329 -0.00643343
7.48866 0.00244896 -0.00509313
8 4.53915e-13 -0.00463788
