A
      0.5331      0.6010     -0.4481
      0.6010     -0.1414      0.1736
     -0.4481      0.1736      0.0081

V^TAV = D
     -0.7078     -0.0032      0.0002
     -0.0032      0.1213      0.0000
      0.0002      0.0000      0.9863

V
     -0.5170      0.0211      0.8558
      0.6974      0.5900      0.4068
     -0.4963      0.8071     -0.3197

VDV^T
      0.5331      0.6010     -0.4481
      0.6010     -0.1414      0.1736
     -0.4481      0.1736      0.0081

V^TV
      1.0000     -0.0000     -0.0000
     -0.0000      1.0000      0.0000
     -0.0000      0.0000      1.0000

VV^T
      1.0000      0.0000     -0.0000
      0.0000      1.0000     -0.0000
     -0.0000     -0.0000      1.0000

Tr A = 0.3998
Tr D = 0.3998
