-3 -3 120
-3 -2.88 120
-3 -2.76 120
-3 -2.64 120
-3 -2.52 120
-3 -2.4 120
-3 -2.28 120
-3 -2.16 120
-3 -2.04 120
-3 -1.92 120
-3 -1.8 17
-3 -1.68 5
-3 -1.56 1
-3 -1.44 7
-3 -1.32 3
-3 -1.2 1
-3 -1.08 12
-3 -0.96 4
-3 -0.84 1
-3 -0.72 11
-3 -0.6 3
-3 -0.48 3
-3 -0.36 2
-3 -0.24 1
-3 -0.12 120
-3 1.66533e-15 120
-3 0.12 120
-3 0.24 18
-3 0.36 3
-3 0.48 3
-3 0.6 3
-3 0.72 1
-3 0.84 79
-3 0.96 2
-3 1.08 1
-3 1.2 120
-3 1.32 12
-3 1.44 4
-3 1.56 2
-3 1.68 1
-3 1.8 9
-3 1.92 3
-3 2.04 1
-3 2.16 8
-3 2.28 2
-3 2.4 1
-3 2.52 120
-3 2.64 120
-3 2.76 120
-3 2.88 21
-3 3 1

-2.88 -3 120
-2.88 -2.88 120
-2.88 -2.76 120
-2.88 -2.64 120
-2.88 -2.52 120
-2.88 -2.4 120
-2.88 -2.28 120
-2.88 -2.16 120
-2.88 -2.04 120
-2.88 -1.92 120
-2.88 -1.8 16
-2.88 -1.68 3
-2.88 -1.56 2
-2.88 -1.44 1
-2.88 -1.32 6
-2.88 -1.2 3
-2.88 -1.08 1
-2.88 -0.96 11
-2.88 -0.84 3
-2.88 -0.72 2
-2.88 -0.6 2
-2.88 -0.48 3
-2.88 -0.36 1
-2.88 -0.24 120
-2.88 -0.12 120
-2.88 1.66533e-15 73
-2.88 0.12 5
-2.88 0.24 3
-2.88 0.36 3
-2.88 0.48 4
-2.88 0.6 3
-2.88 0.72 3
-2.88 0.84 4
-2.88 0.96 3
-2.88 1.08 3
-2.88 1.2 3
-2.88 1.32 3
-2.88 1.44 3
-2.88 1.56 3
-2.88 1.68 2
-2.88 1.8 1
-2.88 1.92 11
-2.88 2.04 2
-2.88 2.16 1
-2.88 2.28 12
-2.88 2.4 3
-2.88 2.52 3
-2.88 2.64 3
-2.88 2.76 1
-2.88 2.88 120
-2.88 3 120

-2.76 -3 27
-2.76 -2.88 3
-2.76 -2.76 3
-2.76 -2.64 3
-2.76 -2.52 5
-2.76 -2.4 4
-2.76 -2.28 2
-2.76 -2.16 1
-2.76 -2.04 12
-2.76 -1.92 3
-2.76 -1.8 3
-2.76 -1.68 3
-2.76 -1.56 3
-2.76 -1.44 1
-2.76 -1.32 16
-2.76 -1.2 5
-2.76 -1.08 3
-2.76 -0.96 3
-2.76 -0.84 3
-2.76 -0.72 3
-2.76 -0.6 3
-2.76 -0.48 3
-2.76 -0.36 3
-2.76 -0.24 3
-2.76 -0.12 2
-2.76 1.66533e-15 2
-2.76 0.12 1
-2.76 0.24 14
-2.76 0.36 3
-2.76 0.48 3
-2.76 0.6 3
-2.76 0.72 1
-2.76 0.84 13
-2.76 0.96 3
-2.76 1.08 3
-2.76 1.2 3
-2.76 1.32 4
-2.76 1.44 1
-2.76 1.56 15
-2.76 1.68 2
-2.76 1.8 1
-2.76 1.92 10
-2.76 2.04 2
-2.76 2.16 1
-2.76 2.28 7
-2.76 2.4 1
-2.76 2.52 8
-2.76 2.64 3
-2.76 2.76 1
-2.76 2.88 120
-2.76 3 120

-2.64 -3 12
-2.64 -2.88 3
-2.64 -2.76 3
-2.64 -2.64 3
-2.64 -2.52 3
-2.64 -2.4 2
-2.64 -2.28 3
-2.64 -2.16 3
-2.64 -2.04 2
-2.64 -1.92 3
-2.64 -1.8 2
-2.64 -1.68 2
-2.64 -1.56 1
-2.64 -1.44 18
-2.64 -1.32 3
-2.64 -1.2 1
-2.64 -1.08 8
-2.64 -0.96 4
-2.64 -0.84 1
-2.64 -0.72 19
-2.64 -0.6 2
-2.64 -0.48 1
-2.64 -0.36 9
-2.64 -0.24 3
-2.64 -0.12 3
-2.64 1.66533e-15 1
-2.64 0.12 120
-2.64 0.24 17
-2.64 0.36 4
-2.64 0.48 3
-2.64 0.6 3
-2.64 0.72 5
-2.64 0.84 3
-2.64 0.96 3
-2.64 1.08 3
-2.64 1.2 5
-2.64 1.32 3
-2.64 1.44 3
-2.64 1.56 2
-2.64 1.68 1
-2.64 1.8 8
-2.64 1.92 3
-2.64 2.04 2
-2.64 2.16 1
-2.64 2.28 15
-2.64 2.4 2
-2.64 2.52 1
-2.64 2.64 6
-2.64 2.76 3
-2.64 2.88 3
-2.64 3 3

-2.52 -3 3
-2.52 -2.88 3
-2.52 -2.76 4
-2.52 -2.64 1
-2.52 -2.52 14
-2.52 -2.4 1
-2.52 -2.28 8
-2.52 -2.16 3
-2.52 -2.04 1
-2.52 -1.92 9
-2.52 -1.8 1
-2.52 -1.68 7
-2.52 -1.56 2
-2.52 -1.44 1
-2.52 -1.32 5
-2.52 -1.2 3
-2.52 -1.08 1
-2.52 -0.96 13
-2.52 -0.84 3
-2.52 -0.72 3
-2.52 -0.6 3
-2.52 -0.48 3
-2.52 -0.36 3
-2.52 -0.24 2
-2.52 -0.12 2
-2.52 1.66533e-15 2
-2.52 0.12 3
-2.52 0.24 2
-2.52 0.36 1
-2.52 0.48 13
-2.52 0.6 5
-2.52 0.72 2
-2.52 0.84 2
-2.52 0.96 3
-2.52 1.08 1
-2.52 1.2 8
-2.52 1.32 2
-2.52 1.44 1
-2.52 1.56 6
-2.52 1.68 3
-2.52 1.8 1
-2.52 1.92 6
-2.52 2.04 3
-2.52 2.16 2
-2.52 2.28 1
-2.52 2.4 17
-2.52 2.52 4
-2.52 2.64 1
-2.52 2.76 11
-2.52 2.88 2
-2.52 3 1

-2.4 -3 120
-2.4 -2.88 120
-2.4 -2.76 120
-2.4 -2.64 120
-2.4 -2.52 120
-2.4 -2.4 120
-2.4 -2.28 120
-2.4 -2.16 120
-2.4 -2.04 120
-2.4 -1.92 120
-2.4 -1.8 120
-2.4 -1.68 17
-2.4 -1.56 4
-2.4 -1.44 1
-2.4 -1.32 6
-2.4 -1.2 2
-2.4 -1.08 1
-2.4 -0.96 11
-2.4 -0.84 3
-2.4 -0.72 3
-2.4 -0.6 6
-2.4 -0.48 3
-2.4 -0.36 3
-2.4 -0.24 3
-2.4 -0.12 5
-2.4 1.66533e-15 3
-2.4 0.12 3
-2.4 0.24 3
-2.4 0.36 3
-2.4 0.48 3
-2.4 0.6 4
-2.4 0.72 3
-2.4 0.84 4
-2.4 0.96 3
-2.4 1.08 3
-2.4 1.2 3
-2.4 1.32 4
-2.4 1.44 3
-2.4 1.56 3
-2.4 1.68 2
-2.4 1.8 1
-2.4 1.92 9
-2.4 2.04 2
-2.4 2.16 1
-2.4 2.28 22
-2.4 2.4 3
-2.4 2.52 1
-2.4 2.64 9
-2.4 2.76 3
-2.4 2.88 2
-2.4 3 1

-2.28 -3 120
-2.28 -2.88 120
-2.28 -2.76 120
-2.28 -2.64 120
-2.28 -2.52 120
-2.28 -2.4 120
-2.28 -2.28 120
-2.28 -2.16 120
-2.28 -2.04 120
-2.28 -1.92 35
-2.28 -1.8 3
-2.28 -1.68 1
-2.28 -1.56 7
-2.28 -1.44 1
-2.28 -1.32 5
-2.28 -1.2 3
-2.28 -1.08 2
-2.28 -0.96 1
-2.28 -0.84 8
-2.28 -0.72 3
-2.28 -0.6 1
-2.28 -0.48 120
-2.28 -0.36 120
-2.28 -0.24 120
-2.28 -0.12 120
-2.28 1.66533e-15 120
-2.28 0.12 8
-2.28 0.24 3
-2.28 0.36 3
-2.28 0.48 3
-2.28 0.6 4
-2.28 0.72 3
-2.28 0.84 3
-2.28 0.96 4
-2.28 1.08 3
-2.28 1.2 2
-2.28 1.32 1
-2.28 1.44 7
-2.28 1.56 3
-2.28 1.68 2
-2.28 1.8 1
-2.28 1.92 8
-2.28 2.04 3
-2.28 2.16 1
-2.28 2.28 15
-2.28 2.4 1
-2.28 2.52 15
-2.28 2.64 2
-2.28 2.76 1
-2.28 2.88 120
-2.28 3 120

-2.16 -3 10
-2.16 -2.88 3
-2.16 -2.76 3
-2.16 -2.64 3
-2.16 -2.52 3
-2.16 -2.4 2
-2.16 -2.28 3
-2.16 -2.16 3
-2.16 -2.04 3
-2.16 -1.92 3
-2.16 -1.8 3
-2.16 -1.68 3
-2.16 -1.56 3
-2.16 -1.44 2
-2.16 -1.32 3
-2.16 -1.2 3
-2.16 -1.08 1
-2.16 -0.96 17
-2.16 -0.84 1
-2.16 -0.72 8
-2.16 -0.6 3
-2.16 -0.48 1
-2.16 -0.36 120
-2.16 -0.24 120
-2.16 -0.12 6
-2.16 1.66533e-15 3
-2.16 0.12 3
-2.16 0.24 3
-2.16 0.36 4
-2.16 0.48 3
-2.16 0.6 3
-2.16 0.72 3
-2.16 0.84 3
-2.16 0.96 5
-2.16 1.08 3
-2.16 1.2 3
-2.16 1.32 3
-2.16 1.44 4
-2.16 1.56 1
-2.16 1.68 6
-2.16 1.8 3
-2.16 1.92 1
-2.16 2.04 9
-2.16 2.16 3
-2.16 2.28 3
-2.16 2.4 1
-2.16 2.52 6
-2.16 2.64 2
-2.16 2.76 1
-2.16 2.88 19
-2.16 3 2

-2.04 -3 3
-2.04 -2.88 3
-2.04 -2.76 6
-2.04 -2.64 3
-2.04 -2.52 3
-2.04 -2.4 3
-2.04 -2.28 3
-2.04 -2.16 3
-2.04 -2.04 2
-2.04 -1.92 1
-2.04 -1.8 10
-2.04 -1.68 4
-2.04 -1.56 1
-2.04 -1.44 7
-2.04 -1.32 1
-2.04 -1.2 5
-2.04 -1.08 3
-2.04 -0.96 1
-2.04 -0.84 7
-2.04 -0.72 3
-2.04 -0.6 1
-2.04 -0.48 13
-2.04 -0.36 3
-2.04 -0.24 3
-2.04 -0.12 3
-2.04 1.66533e-15 4
-2.04 0.12 3
-2.04 0.24 3
-2.04 0.36 3
-2.04 0.48 5
-2.04 0.6 3
-2.04 0.72 3
-2.04 0.84 3
-2.04 0.96 5
-2.04 1.08 3
-2.04 1.2 3
-2.04 1.32 3
-2.04 1.44 5
-2.04 1.56 3
-2.04 1.68 3
-2.04 1.8 4
-2.04 1.92 3
-2.04 2.04 3
-2.04 2.16 2
-2.04 2.28 3
-2.04 2.4 2
-2.04 2.52 3
-2.04 2.64 2
-2.04 2.76 1
-2.04 2.88 120
-2.04 3 120

-1.92 -3 18
-1.92 -2.88 3
-1.92 -2.76 3
-1.92 -2.64 4
-1.92 -2.52 3
-1.92 -2.4 3
-1.92 -2.28 5
-1.92 -2.16 3
-1.92 -2.04 1
-1.92 -1.92 12
-1.92 -1.8 2
-1.92 -1.68 1
-1.92 -1.56 7
-1.92 -1.44 2
-1.92 -1.32 1
-1.92 -1.2 5
-1.92 -1.08 2
-1.92 -0.96 1
-1.92 -0.84 10
-1.92 -0.72 3
-1.92 -0.6 3
-1.92 -0.48 3
-1.92 -0.36 3
-1.92 -0.24 5
-1.92 -0.12 3
-1.92 1.66533e-15 3
-1.92 0.12 4
-1.92 0.24 3
-1.92 0.36 4
-1.92 0.48 3
-1.92 0.6 6
-1.92 0.72 3
-1.92 0.84 3
-1.92 0.96 3
-1.92 1.08 4
-1.92 1.2 3
-1.92 1.32 3
-1.92 1.44 4
-1.92 1.56 3
-1.92 1.68 3
-1.92 1.8 3
-1.92 1.92 3
-1.92 2.04 3
-1.92 2.16 3
-1.92 2.28 3
-1.92 2.4 3
-1.92 2.52 3
-1.92 2.64 1
-1.92 2.76 14
-1.92 2.88 3
-1.92 3 1

-1.8 -3 18
-1.8 -2.88 4
-1.8 -2.76 1
-1.8 -2.64 120
-1.8 -2.52 16
-1.8 -2.4 4
-1.8 -2.28 1
-1.8 -2.16 9
-1.8 -2.04 2
-1.8 -1.92 1
-1.8 -1.8 9
-1.8 -1.68 3
-1.8 -1.56 3
-1.8 -1.44 3
-1.8 -1.32 3
-1.8 -1.2 4
-1.8 -1.08 3
-1.8 -0.96 3
-1.8 -0.84 3
-1.8 -0.72 3
-1.8 -0.6 3
-1.8 -0.48 4
-1.8 -0.36 3
-1.8 -0.24 3
-1.8 -0.12 3
-1.8 1.66533e-15 5
-1.8 0.12 3
-1.8 0.24 3
-1.8 0.36 7
-1.8 0.48 5
-1.8 0.6 3
-1.8 0.72 3
-1.8 0.84 7
-1.8 0.96 3
-1.8 1.08 3
-1.8 1.2 3
-1.8 1.32 6
-1.8 1.44 3
-1.8 1.56 3
-1.8 1.68 6
-1.8 1.8 3
-1.8 1.92 3
-1.8 2.04 3
-1.8 2.16 3
-1.8 2.28 3
-1.8 2.4 3
-1.8 2.52 2
-1.8 2.64 3
-1.8 2.76 1
-1.8 2.88 120
-1.8 3 120

-1.68 -3 9
-1.68 -2.88 4
-1.68 -2.76 3
-1.68 -2.64 3
-1.68 -2.52 3
-1.68 -2.4 3
-1.68 -2.28 3
-1.68 -2.16 3
-1.68 -2.04 3
-1.68 -1.92 3
-1.68 -1.8 2
-1.68 -1.68 3
-1.68 -1.56 2
-1.68 -1.44 3
-1.68 -1.32 3
-1.68 -1.2 5
-1.68 -1.08 4
-1.68 -0.96 3
-1.68 -0.84 3
-1.68 -0.72 3
-1.68 -0.6 3
-1.68 -0.48 5
-1.68 -0.36 3
-1.68 -0.24 3
-1.68 -0.12 3
-1.68 1.66533e-15 3
-1.68 0.12 3
-1.68 0.24 6
-1.68 0.36 5
-1.68 0.48 3
-1.68 0.6 3
-1.68 0.72 3
-1.68 0.84 3
-1.68 0.96 3
-1.68 1.08 5
-1.68 1.2 3
-1.68 1.32 3
-1.68 1.44 3
-1.68 1.56 3
-1.68 1.68 4
-1.68 1.8 3
-1.68 1.92 2
-1.68 2.04 1
-1.68 2.16 7
-1.68 2.28 2
-1.68 2.4 1
-1.68 2.52 8
-1.68 2.64 2
-1.68 2.76 2
-1.68 2.88 1
-1.68 3 120

-1.56 -3 12
-1.56 -2.88 4
-1.56 -2.76 3
-1.56 -2.64 6
-1.56 -2.52 3
-1.56 -2.4 6
-1.56 -2.28 3
-1.56 -2.16 3
-1.56 -2.04 3
-1.56 -1.92 3
-1.56 -1.8 4
-1.56 -1.68 2
-1.56 -1.56 3
-1.56 -1.44 3
-1.56 -1.32 3
-1.56 -1.2 5
-1.56 -1.08 3
-1.56 -0.96 3
-1.56 -0.84 4
-1.56 -0.72 3
-1.56 -0.6 3
-1.56 -0.48 3
-1.56 -0.36 3
-1.56 -0.24 4
-1.56 -0.12 3
-1.56 1.66533e-15 3
-1.56 0.12 5
-1.56 0.24 3
-1.56 0.36 3
-1.56 0.48 4
-1.56 0.6 3
-1.56 0.72 2
-1.56 0.84 3
-1.56 0.96 3
-1.56 1.08 3
-1.56 1.2 3
-1.56 1.32 3
-1.56 1.44 3
-1.56 1.56 3
-1.56 1.68 4
-1.56 1.8 3
-1.56 1.92 3
-1.56 2.04 3
-1.56 2.16 1
-1.56 2.28 7
-1.56 2.4 1
-1.56 2.52 8
-1.56 2.64 2
-1.56 2.76 2
-1.56 2.88 3
-1.56 3 1

-1.44 -3 12
-1.44 -2.88 3
-1.44 -2.76 3
-1.44 -2.64 3
-1.44 -2.52 3
-1.44 -2.4 2
-1.44 -2.28 3
-1.44 -2.16 2
-1.44 -2.04 3
-1.44 -1.92 3
-1.44 -1.8 3
-1.44 -1.68 6
-1.44 -1.56 3
-1.44 -1.44 5
-1.44 -1.32 3
-1.44 -1.2 3
-1.44 -1.08 3
-1.44 -0.96 3
-1.44 -0.84 3
-1.44 -0.72 3
-1.44 -0.6 4
-1.44 -0.48 3
-1.44 -0.36 3
-1.44 -0.24 3
-1.44 -0.12 2
-1.44 1.66533e-15 2
-1.44 0.12 2
-1.44 0.24 2
-1.44 0.36 3
-1.44 0.48 3
-1.44 0.6 1
-1.44 0.72 12
-1.44 0.84 4
-1.44 0.96 3
-1.44 1.08 3
-1.44 1.2 3
-1.44 1.32 7
-1.44 1.44 3
-1.44 1.56 3
-1.44 1.68 5
-1.44 1.8 3
-1.44 1.92 2
-1.44 2.04 1
-1.44 2.16 7
-1.44 2.28 1
-1.44 2.4 7
-1.44 2.52 3
-1.44 2.64 1
-1.44 2.76 120
-1.44 2.88 120
-1.44 3 120

-1.32 -3 11
-1.32 -2.88 3
-1.32 -2.76 3
-1.32 -2.64 4
-1.32 -2.52 3
-1.32 -2.4 3
-1.32 -2.28 3
-1.32 -2.16 3
-1.32 -2.04 3
-1.32 -1.92 3
-1.32 -1.8 4
-1.32 -1.68 3
-1.32 -1.56 2
-1.32 -1.44 3
-1.32 -1.32 5
-1.32 -1.2 3
-1.32 -1.08 3
-1.32 -0.96 4
-1.32 -0.84 3
-1.32 -0.72 3
-1.32 -0.6 3
-1.32 -0.48 3
-1.32 -0.36 4
-1.32 -0.24 3
-1.32 -0.12 3
-1.32 1.66533e-15 5
-1.32 0.12 3
-1.32 0.24 3
-1.32 0.36 2
-1.32 0.48 3
-1.32 0.6 3
-1.32 0.72 1
-1.32 0.84 10
-1.32 0.96 1
-1.32 1.08 7
-1.32 1.2 1
-1.32 1.32 5
-1.32 1.44 1
-1.32 1.56 5
-1.32 1.68 3
-1.32 1.8 2
-1.32 1.92 2
-1.32 2.04 3
-1.32 2.16 3
-1.32 2.28 3
-1.32 2.4 1
-1.32 2.52 12
-1.32 2.64 1
-1.32 2.76 120
-1.32 2.88 120
-1.32 3 120

-1.2 -3 11
-1.2 -2.88 4
-1.2 -2.76 3
-1.2 -2.64 3
-1.2 -2.52 3
-1.2 -2.4 6
-1.2 -2.28 4
-1.2 -2.16 3
-1.2 -2.04 3
-1.2 -1.92 3
-1.2 -1.8 3
-1.2 -1.68 3
-1.2 -1.56 5
-1.2 -1.44 3
-1.2 -1.32 6
-1.2 -1.2 3
-1.2 -1.08 3
-1.2 -0.96 3
-1.2 -0.84 4
-1.2 -0.72 3
-1.2 -0.6 3
-1.2 -0.48 5
-1.2 -0.36 3
-1.2 -0.24 3
-1.2 -0.12 2
-1.2 1.66533e-15 1
-1.2 0.12 10
-1.2 0.24 3
-1.2 0.36 2
-1.2 0.48 1
-1.2 0.6 8
-1.2 0.72 2
-1.2 0.84 1
-1.2 0.96 6
-1.2 1.08 1
-1.2 1.2 5
-1.2 1.32 1
-1.2 1.44 6
-1.2 1.56 1
-1.2 1.68 7
-1.2 1.8 3
-1.2 1.92 3
-1.2 2.04 3
-1.2 2.16 3
-1.2 2.28 3
-1.2 2.4 1
-1.2 2.52 13
-1.2 2.64 1
-1.2 2.76 120
-1.2 2.88 120
-1.2 3 120

-1.08 -3 12
-1.08 -2.88 1
-1.08 -2.76 26
-1.08 -2.64 3
-1.08 -2.52 3
-1.08 -2.4 3
-1.08 -2.28 6
-1.08 -2.16 3
-1.08 -2.04 3
-1.08 -1.92 2
-1.08 -1.8 2
-1.08 -1.68 1
-1.08 -1.56 7
-1.08 -1.44 3
-1.08 -1.32 1
-1.08 -1.2 6
-1.08 -1.08 2
-1.08 -0.96 1
-1.08 -0.84 6
-1.08 -0.72 2
-1.08 -0.6 1
-1.08 -0.48 8
-1.08 -0.36 1
-1.08 -0.24 8
-1.08 -0.12 3
-1.08 1.66533e-15 3
-1.08 0.12 3
-1.08 0.24 2
-1.08 0.36 2
-1.08 0.48 2
-1.08 0.6 3
-1.08 0.72 3
-1.08 0.84 3
-1.08 0.96 2
-1.08 1.08 3
-1.08 1.2 3
-1.08 1.32 3
-1.08 1.44 3
-1.08 1.56 3
-1.08 1.68 3
-1.08 1.8 6
-1.08 1.92 3
-1.08 2.04 3
-1.08 2.16 5
-1.08 2.28 3
-1.08 2.4 3
-1.08 2.52 3
-1.08 2.64 3
-1.08 2.76 4
-1.08 2.88 3
-1.08 3 3

-0.96 -3 5
-0.96 -2.88 3
-0.96 -2.76 3
-0.96 -2.64 2
-0.96 -2.52 3
-0.96 -2.4 6
-0.96 -2.28 3
-0.96 -2.16 3
-0.96 -2.04 5
-0.96 -1.92 3
-0.96 -1.8 3
-0.96 -1.68 3
-0.96 -1.56 3
-0.96 -1.44 3
-0.96 -1.32 3
-0.96 -1.2 3
-0.96 -1.08 3
-0.96 -0.96 1
-0.96 -0.84 6
-0.96 -0.72 1
-0.96 -0.6 9
-0.96 -0.48 2
-0.96 -0.36 1
-0.96 -0.24 18
-0.96 -0.12 6
-0.96 1.66533e-15 2
-0.96 0.12 2
-0.96 0.24 2
-0.96 0.36 2
-0.96 0.48 3
-0.96 0.6 1
-0.96 0.72 8
-0.96 0.84 2
-0.96 0.96 1
-0.96 1.08 6
-0.96 1.2 2
-0.96 1.32 1
-0.96 1.44 6
-0.96 1.56 3
-0.96 1.68 3
-0.96 1.8 3
-0.96 1.92 3
-0.96 2.04 3
-0.96 2.16 3
-0.96 2.28 3
-0.96 2.4 5
-0.96 2.52 3
-0.96 2.64 4
-0.96 2.76 3
-0.96 2.88 3
-0.96 3 1

-0.84 -3 120
-0.84 -2.88 120
-0.84 -2.76 19
-0.84 -2.64 3
-0.84 -2.52 6
-0.84 -2.4 3
-0.84 -2.28 3
-0.84 -2.16 2
-0.84 -2.04 3
-0.84 -1.92 6
-0.84 -1.8 3
-0.84 -1.68 3
-0.84 -1.56 6
-0.84 -1.44 3
-0.84 -1.32 3
-0.84 -1.2 3
-0.84 -1.08 3
-0.84 -0.96 3
-0.84 -0.84 3
-0.84 -0.72 3
-0.84 -0.6 3
-0.84 -0.48 3
-0.84 -0.36 3
-0.84 -0.24 3
-0.84 -0.12 1
-0.84 1.66533e-15 11
-0.84 0.12 2
-0.84 0.24 3
-0.84 0.36 3
-0.84 0.48 2
-0.84 0.6 3
-0.84 0.72 2
-0.84 0.84 3
-0.84 0.96 3
-0.84 1.08 3
-0.84 1.2 2
-0.84 1.32 3
-0.84 1.44 3
-0.84 1.56 3
-0.84 1.68 4
-0.84 1.8 3
-0.84 1.92 8
-0.84 2.04 5
-0.84 2.16 3
-0.84 2.28 3
-0.84 2.4 6
-0.84 2.52 3
-0.84 2.64 3
-0.84 2.76 5
-0.84 2.88 3
-0.84 3 1

-0.72 -3 120
-0.72 -2.88 120
-0.72 -2.76 14
-0.72 -2.64 3
-0.72 -2.52 1
-0.72 -2.4 15
-0.72 -2.28 3
-0.72 -2.16 3
-0.72 -2.04 3
-0.72 -1.92 3
-0.72 -1.8 4
-0.72 -1.68 2
-0.72 -1.56 3
-0.72 -1.44 2
-0.72 -1.32 2
-0.72 -1.2 3
-0.72 -1.08 3
-0.72 -0.96 1
-0.72 -0.84 6
-0.72 -0.72 2
-0.72 -0.6 1
-0.72 -0.48 9
-0.72 -0.36 3
-0.72 -0.24 3
-0.72 -0.12 2
-0.72 1.66533e-15 1
-0.72 0.12 9
-0.72 0.24 3
-0.72 0.36 5
-0.72 0.48 1
-0.72 0.6 9
-0.72 0.72 3
-0.72 0.84 3
-0.72 0.96 2
-0.72 1.08 1
-0.72 1.2 12
-0.72 1.32 2
-0.72 1.44 1
-0.72 1.56 8
-0.72 1.68 2
-0.72 1.8 1
-0.72 1.92 5
-0.72 2.04 2
-0.72 2.16 1
-0.72 2.28 8
-0.72 2.4 1
-0.72 2.52 120
-0.72 2.64 120
-0.72 2.76 120
-0.72 2.88 120
-0.72 3 120

-0.6 -3 120
-0.6 -2.88 12
-0.6 -2.76 5
-0.6 -2.64 3
-0.6 -2.52 3
-0.6 -2.4 4
-0.6 -2.28 3
-0.6 -2.16 3
-0.6 -2.04 5
-0.6 -1.92 3
-0.6 -1.8 3
-0.6 -1.68 5
-0.6 -1.56 3
-0.6 -1.44 3
-0.6 -1.32 3
-0.6 -1.2 3
-0.6 -1.08 3
-0.6 -0.96 4
-0.6 -0.84 1
-0.6 -0.72 14
-0.6 -0.6 3
-0.6 -0.48 1
-0.6 -0.36 11
-0.6 -0.24 3
-0.6 -0.12 3
-0.6 1.66533e-15 1
-0.6 0.12 9
-0.6 0.24 3
-0.6 0.36 5
-0.6 0.48 1
-0.6 0.6 10
-0.6 0.72 3
-0.6 0.84 1
-0.6 0.96 12
-0.6 1.08 3
-0.6 1.2 1
-0.6 1.32 9
-0.6 1.44 2
-0.6 1.56 1
-0.6 1.68 6
-0.6 1.8 1
-0.6 1.92 5
-0.6 2.04 2
-0.6 2.16 1
-0.6 2.28 9
-0.6 2.4 2
-0.6 2.52 2
-0.6 2.64 2
-0.6 2.76 3
-0.6 2.88 3
-0.6 3 1

-0.48 -3 12
-0.48 -2.88 4
-0.48 -2.76 3
-0.48 -2.64 3
-0.48 -2.52 3
-0.48 -2.4 4
-0.48 -2.28 3
-0.48 -2.16 1
-0.48 -2.04 8
-0.48 -1.92 2
-0.48 -1.8 1
-0.48 -1.68 6
-0.48 -1.56 1
-0.48 -1.44 7
-0.48 -1.32 1
-0.48 -1.2 11
-0.48 -1.08 2
-0.48 -0.96 1
-0.48 -0.84 10
-0.48 -0.72 3
-0.48 -0.6 2
-0.48 -0.48 1
-0.48 -0.36 10
-0.48 -0.24 3
-0.48 -0.12 1
-0.48 1.66533e-15 10
-0.48 0.12 3
-0.48 0.24 1
-0.48 0.36 11
-0.48 0.48 2
-0.48 0.6 1
-0.48 0.72 12
-0.48 0.84 1
-0.48 0.96 11
-0.48 1.08 3
-0.48 1.2 1
-0.48 1.32 10
-0.48 1.44 2
-0.48 1.56 1
-0.48 1.68 7
-0.48 1.8 2
-0.48 1.92 1
-0.48 2.04 5
-0.48 2.16 2
-0.48 2.28 1
-0.48 2.4 11
-0.48 2.52 5
-0.48 2.64 3
-0.48 2.76 1
-0.48 2.88 120
-0.48 3 120

-0.36 -3 13
-0.36 -2.88 3
-0.36 -2.76 6
-0.36 -2.64 3
-0.36 -2.52 6
-0.36 -2.4 3
-0.36 -2.28 3
-0.36 -2.16 3
-0.36 -2.04 6
-0.36 -1.92 3
-0.36 -1.8 4
-0.36 -1.68 3
-0.36 -1.56 3
-0.36 -1.44 3
-0.36 -1.32 3
-0.36 -1.2 3
-0.36 -1.08 4
-0.36 -0.96 2
-0.36 -0.84 1
-0.36 -0.72 14
-0.36 -0.6 3
-0.36 -0.48 1
-0.36 -0.36 10
-0.36 -0.24 3
-0.36 -0.12 3
-0.36 1.66533e-15 1
-0.36 0.12 10
-0.36 0.24 2
-0.36 0.36 3
-0.36 0.48 1
-0.36 0.6 12
-0.36 0.72 1
-0.36 0.84 11
-0.36 0.96 3
-0.36 1.08 1
-0.36 1.2 11
-0.36 1.32 1
-0.36 1.44 11
-0.36 1.56 2
-0.36 1.68 1
-0.36 1.8 6
-0.36 1.92 1
-0.36 2.04 5
-0.36 2.16 2
-0.36 2.28 1
-0.36 2.4 120
-0.36 2.52 120
-0.36 2.64 120
-0.36 2.76 120
-0.36 2.88 120
-0.36 3 120

-0.24 -3 120
-0.24 -2.88 11
-0.24 -2.76 3
-0.24 -2.64 6
-0.24 -2.52 3
-0.24 -2.4 3
-0.24 -2.28 4
-0.24 -2.16 3
-0.24 -2.04 3
-0.24 -1.92 3
-0.24 -1.8 5
-0.24 -1.68 3
-0.24 -1.56 3
-0.24 -1.44 3
-0.24 -1.32 3
-0.24 -1.2 3
-0.24 -1.08 3
-0.24 -0.96 3
-0.24 -0.84 1
-0.24 -0.72 13
-0.24 -0.6 3
-0.24 -0.48 3
-0.24 -0.36 3
-0.24 -0.24 2
-0.24 -0.12 1
-0.24 1.66533e-15 9
-0.24 0.12 4
-0.24 0.24 1
-0.24 0.36 9
-0.24 0.48 3
-0.24 0.6 1
-0.24 0.72 12
-0.24 0.84 3
-0.24 0.96 1
-0.24 1.08 12
-0.24 1.2 3
-0.24 1.32 1
-0.24 1.44 8
-0.24 1.56 3
-0.24 1.68 2
-0.24 1.8 1
-0.24 1.92 6
-0.24 2.04 1
-0.24 2.16 8
-0.24 2.28 2
-0.24 2.4 3
-0.24 2.52 3
-0.24 2.64 3
-0.24 2.76 3
-0.24 2.88 1
-0.24 3 12

-0.12 -3 3
-0.12 -2.88 3
-0.12 -2.76 3
-0.12 -2.64 3
-0.12 -2.52 3
-0.12 -2.4 5
-0.12 -2.28 3
-0.12 -2.16 3
-0.12 -2.04 3
-0.12 -1.92 3
-0.12 -1.8 4
-0.12 -1.68 3
-0.12 -1.56 3
-0.12 -1.44 3
-0.12 -1.32 3
-0.12 -1.2 3
-0.12 -1.08 4
-0.12 -0.96 3
-0.12 -0.84 2
-0.12 -0.72 2
-0.12 -0.6 3
-0.12 -0.48 2
-0.12 -0.36 1
-0.12 -0.24 11
-0.12 -0.12 3
-0.12 1.66533e-15 3
-0.12 0.12 3
-0.12 0.24 3
-0.12 0.36 3
-0.12 0.48 3
-0.12 0.6 1
-0.12 0.72 11
-0.12 0.84 2
-0.12 0.96 1
-0.12 1.08 14
-0.12 1.2 1
-0.12 1.32 13
-0.12 1.44 2
-0.12 1.56 1
-0.12 1.68 6
-0.12 1.8 3
-0.12 1.92 2
-0.12 2.04 1
-0.12 2.16 8
-0.12 2.28 3
-0.12 2.4 3
-0.12 2.52 3
-0.12 2.64 3
-0.12 2.76 3
-0.12 2.88 3
-0.12 3 4

1.66533e-15 -3 3
1.66533e-15 -2.88 3
1.66533e-15 -2.76 3
1.66533e-15 -2.64 3
1.66533e-15 -2.52 6
1.66533e-15 -2.4 3
1.66533e-15 -2.28 3
1.66533e-15 -2.16 4
1.66533e-15 -2.04 3
1.66533e-15 -1.92 3
1.66533e-15 -1.8 5
1.66533e-15 -1.68 3
1.66533e-15 -1.56 3
1.66533e-15 -1.44 3
1.66533e-15 -1.32 3
1.66533e-15 -1.2 3
1.66533e-15 -1.08 3
1.66533e-15 -0.96 4
1.66533e-15 -0.84 1
1.66533e-15 -0.72 12
1.66533e-15 -0.6 2
1.66533e-15 -0.48 1
1.66533e-15 -0.36 11
1.66533e-15 -0.24 1
1.66533e-15 -0.12 12
1.66533e-15 1.66533e-15 1
1.66533e-15 0.12 14
1.66533e-15 0.24 2
1.66533e-15 0.36 3
1.66533e-15 0.48 1
1.66533e-15 0.6 11
1.66533e-15 0.72 2
1.66533e-15 0.84 1
1.66533e-15 0.96 14
1.66533e-15 1.08 2
1.66533e-15 1.2 1
1.66533e-15 1.32 12
1.66533e-15 1.44 3
1.66533e-15 1.56 3
1.66533e-15 1.68 2
1.66533e-15 1.8 2
1.66533e-15 1.92 1
1.66533e-15 2.04 6
1.66533e-15 2.16 3
1.66533e-15 2.28 2
1.66533e-15 2.4 3
1.66533e-15 2.52 3
1.66533e-15 2.64 3
1.66533e-15 2.76 4
1.66533e-15 2.88 3
1.66533e-15 3 1

0.12 -3 15
0.12 -2.88 3
0.12 -2.76 3
0.12 -2.64 3
0.12 -2.52 7
0.12 -2.4 3
0.12 -2.28 4
0.12 -2.16 3
0.12 -2.04 3
0.12 -1.92 3
0.12 -1.8 6
0.12 -1.68 3
0.12 -1.56 3
0.12 -1.44 3
0.12 -1.32 3
0.12 -1.2 3
0.12 -1.08 3
0.12 -0.96 1
0.12 -0.84 23
0.12 -0.72 2
0.12 -0.6 1
0.12 -0.48 14
0.12 -0.36 2
0.12 -0.24 2
0.12 -0.12 3
0.12 1.66533e-15 1
0.12 0.12 11
0.12 0.24 3
0.12 0.36 3
0.12 0.48 1
0.12 0.6 10
0.12 0.72 3
0.12 0.84 1
0.12 0.96 17
0.12 1.08 3
0.12 1.2 2
0.12 1.32 2
0.12 1.44 3
0.12 1.56 3
0.12 1.68 2
0.12 1.8 3
0.12 1.92 1
0.12 2.04 8
0.12 2.16 3
0.12 2.28 2
0.12 2.4 2
0.12 2.52 3
0.12 2.64 3
0.12 2.76 3
0.12 2.88 3
0.12 3 4

0.24 -3 4
0.24 -2.88 2
0.24 -2.76 2
0.24 -2.64 3
0.24 -2.52 3
0.24 -2.4 4
0.24 -2.28 3
0.24 -2.16 3
0.24 -2.04 3
0.24 -1.92 3
0.24 -1.8 3
0.24 -1.68 6
0.24 -1.56 3
0.24 -1.44 3
0.24 -1.32 3
0.24 -1.2 3
0.24 -1.08 3
0.24 -0.96 3
0.24 -0.84 3
0.24 -0.72 1
0.24 -0.6 10
0.24 -0.48 2
0.24 -0.36 2
0.24 -0.24 1
0.24 -0.12 12
0.24 1.66533e-15 3
0.24 0.12 1
0.24 0.24 13
0.24 0.36 3
0.24 0.48 1
0.24 0.6 13
0.24 0.72 3
0.24 0.84 1
0.24 0.96 11
0.24 1.08 1
0.24 1.2 10
0.24 1.32 2
0.24 1.44 3
0.24 1.56 2
0.24 1.68 2
0.24 1.8 3
0.24 1.92 2
0.24 2.04 1
0.24 2.16 29
0.24 2.28 5
0.24 2.4 3
0.24 2.52 3
0.24 2.64 6
0.24 2.76 1
0.24 2.88 34
0.24 3 4

0.36 -3 3
0.36 -2.88 4
0.36 -2.76 1
0.36 -2.64 120
0.36 -2.52 120
0.36 -2.4 120
0.36 -2.28 120
0.36 -2.16 120
0.36 -2.04 15
0.36 -1.92 5
0.36 -1.8 3
0.36 -1.68 3
0.36 -1.56 3
0.36 -1.44 3
0.36 -1.32 3
0.36 -1.2 3
0.36 -1.08 2
0.36 -0.96 2
0.36 -0.84 2
0.36 -0.72 2
0.36 -0.6 2
0.36 -0.48 2
0.36 -0.36 2
0.36 -0.24 2
0.36 -0.12 2
0.36 1.66533e-15 2
0.36 0.12 3
0.36 0.24 2
0.36 0.36 2
0.36 0.48 3
0.36 0.6 2
0.36 0.72 3
0.36 0.84 3
0.36 0.96 3
0.36 1.08 3
0.36 1.2 3
0.36 1.32 3
0.36 1.44 3
0.36 1.56 3
0.36 1.68 3
0.36 1.8 3
0.36 1.92 6
0.36 2.04 3
0.36 2.16 3
0.36 2.28 4
0.36 2.4 3
0.36 2.52 3
0.36 2.64 4
0.36 2.76 3
0.36 2.88 3
0.36 3 3

0.48 -3 4
0.48 -2.88 3
0.48 -2.76 3
0.48 -2.64 3
0.48 -2.52 3
0.48 -2.4 4
0.48 -2.28 3
0.48 -2.16 3
0.48 -2.04 3
0.48 -1.92 3
0.48 -1.8 4
0.48 -1.68 3
0.48 -1.56 3
0.48 -1.44 5
0.48 -1.32 3
0.48 -1.2 3
0.48 -1.08 2
0.48 -0.96 3
0.48 -0.84 4
0.48 -0.72 1
0.48 -0.6 9
0.48 -0.48 3
0.48 -0.36 3
0.48 -0.24 1
0.48 -0.12 12
0.48 1.66533e-15 3
0.48 0.12 3
0.48 0.24 1
0.48 0.36 10
0.48 0.48 3
0.48 0.6 3
0.48 0.72 3
0.48 0.84 3
0.48 0.96 3
0.48 1.08 2
0.48 1.2 2
0.48 1.32 3
0.48 1.44 3
0.48 1.56 3
0.48 1.68 3
0.48 1.8 3
0.48 1.92 3
0.48 2.04 3
0.48 2.16 3
0.48 2.28 4
0.48 2.4 3
0.48 2.52 3
0.48 2.64 3
0.48 2.76 3
0.48 2.88 3
0.48 3 5

0.6 -3 6
0.6 -2.88 4
0.6 -2.76 3
0.6 -2.64 3
0.6 -2.52 3
0.6 -2.4 6
0.6 -2.28 3
0.6 -2.16 1
0.6 -2.04 16
0.6 -1.92 4
0.6 -1.8 3
0.6 -1.68 1
0.6 -1.56 8
0.6 -1.44 3
0.6 -1.32 3
0.6 -1.2 3
0.6 -1.08 3
0.6 -0.96 2
0.6 -0.84 1
0.6 -0.72 9
0.6 -0.6 1
0.6 -0.48 11
0.6 -0.36 3
0.6 -0.24 3
0.6 -0.12 1
0.6 1.66533e-15 12
0.6 0.12 2
0.6 0.24 2
0.6 0.36 2
0.6 0.48 2
0.6 0.6 3
0.6 0.72 1
0.6 0.84 10
0.6 0.96 3
0.6 1.08 3
0.6 1.2 3
0.6 1.32 2
0.6 1.44 3
0.6 1.56 3
0.6 1.68 3
0.6 1.8 3
0.6 1.92 3
0.6 2.04 3
0.6 2.16 5
0.6 2.28 3
0.6 2.4 3
0.6 2.52 4
0.6 2.64 2
0.6 2.76 3
0.6 2.88 1
0.6 3 120

0.72 -3 13
0.72 -2.88 3
0.72 -2.76 3
0.72 -2.64 3
0.72 -2.52 3
0.72 -2.4 3
0.72 -2.28 4
0.72 -2.16 1
0.72 -2.04 120
0.72 -1.92 18
0.72 -1.8 4
0.72 -1.68 2
0.72 -1.56 1
0.72 -1.44 8
0.72 -1.32 3
0.72 -1.2 3
0.72 -1.08 3
0.72 -0.96 3
0.72 -0.84 1
0.72 -0.72 8
0.72 -0.6 2
0.72 -0.48 1
0.72 -0.36 12
0.72 -0.24 3
0.72 -0.12 1
0.72 1.66533e-15 10
0.72 0.12 2
0.72 0.24 2
0.72 0.36 2
0.72 0.48 2
0.72 0.6 2
0.72 0.72 3
0.72 0.84 1
0.72 0.96 9
0.72 1.08 4
0.72 1.2 1
0.72 1.32 6
0.72 1.44 3
0.72 1.56 2
0.72 1.68 1
0.72 1.8 7
0.72 1.92 4
0.72 2.04 1
0.72 2.16 120
0.72 2.28 120
0.72 2.4 120
0.72 2.52 120
0.72 2.64 120
0.72 2.76 120
0.72 2.88 120
0.72 3 19

0.84 -3 4
0.84 -2.88 3
0.84 -2.76 2
0.84 -2.64 2
0.84 -2.52 2
0.84 -2.4 3
0.84 -2.28 3
0.84 -2.16 4
0.84 -2.04 3
0.84 -1.92 3
0.84 -1.8 3
0.84 -1.68 3
0.84 -1.56 3
0.84 -1.44 6
0.84 -1.32 3
0.84 -1.2 3
0.84 -1.08 3
0.84 -0.96 3
0.84 -0.84 3
0.84 -0.72 3
0.84 -0.6 2
0.84 -0.48 1
0.84 -0.36 12
0.84 -0.24 3
0.84 -0.12 2
0.84 1.66533e-15 2
0.84 0.12 1
0.84 0.24 9
0.84 0.36 3
0.84 0.48 3
0.84 0.6 3
0.84 0.72 2
0.84 0.84 2
0.84 0.96 2
0.84 1.08 3
0.84 1.2 3
0.84 1.32 3
0.84 1.44 3
0.84 1.56 3
0.84 1.68 3
0.84 1.8 3
0.84 1.92 3
0.84 2.04 3
0.84 2.16 5
0.84 2.28 3
0.84 2.4 4
0.84 2.52 3
0.84 2.64 3
0.84 2.76 3
0.84 2.88 3
0.84 3 4

0.96 -3 3
0.96 -2.88 3
0.96 -2.76 3
0.96 -2.64 3
0.96 -2.52 3
0.96 -2.4 5
0.96 -2.28 3
0.96 -2.16 1
0.96 -2.04 120
0.96 -1.92 120
0.96 -1.8 18
0.96 -1.68 2
0.96 -1.56 1
0.96 -1.44 8
0.96 -1.32 4
0.96 -1.2 1
0.96 -1.08 6
0.96 -0.96 3
0.96 -0.84 2
0.96 -0.72 1
0.96 -0.6 12
0.96 -0.48 3
0.96 -0.36 2
0.96 -0.24 3
0.96 -0.12 1
0.96 1.66533e-15 12
0.96 0.12 2
0.96 0.24 2
0.96 0.36 3
0.96 0.48 1
0.96 0.6 9
0.96 0.72 3
0.96 0.84 3
0.96 0.96 3
0.96 1.08 3
0.96 1.2 3
0.96 1.32 3
0.96 1.44 3
0.96 1.56 3
0.96 1.68 3
0.96 1.8 3
0.96 1.92 4
0.96 2.04 3
0.96 2.16 3
0.96 2.28 5
0.96 2.4 3
0.96 2.52 3
0.96 2.64 3
0.96 2.76 3
0.96 2.88 5
0.96 3 3

1.08 -3 4
1.08 -2.88 3
1.08 -2.76 3
1.08 -2.64 3
1.08 -2.52 3
1.08 -2.4 4
1.08 -2.28 2
1.08 -2.16 1
1.08 -2.04 120
1.08 -1.92 120
1.08 -1.8 23
1.08 -1.68 5
1.08 -1.56 3
1.08 -1.44 3
1.08 -1.32 5
1.08 -1.2 3
1.08 -1.08 3
1.08 -0.96 3
1.08 -0.84 3
1.08 -0.72 3
1.08 -0.6 3
1.08 -0.48 1
1.08 -0.36 13
1.08 -0.24 3
1.08 -0.12 3
1.08 1.66533e-15 1
1.08 0.12 10
1.08 0.24 2
1.08 0.36 3
1.08 0.48 3
1.08 0.6 2
1.08 0.72 2
1.08 0.84 3
1.08 0.96 3
1.08 1.08 3
1.08 1.2 2
1.08 1.32 3
1.08 1.44 3
1.08 1.56 3
1.08 1.68 3
1.08 1.8 7
1.08 1.92 3
1.08 2.04 3
1.08 2.16 3
1.08 2.28 8
1.08 2.4 3
1.08 2.52 3
1.08 2.64 1
1.08 2.76 120
1.08 2.88 120
1.08 3 120

1.2 -3 50
1.2 -2.88 5
1.2 -2.76 2
1.2 -2.64 2
1.2 -2.52 3
1.2 -2.4 2
1.2 -2.28 3
1.2 -2.16 4
1.2 -2.04 3
1.2 -1.92 3
1.2 -1.8 3
1.2 -1.68 3
1.2 -1.56 3
1.2 -1.44 3
1.2 -1.32 6
1.2 -1.2 3
1.2 -1.08 3
1.2 -0.96 3
1.2 -0.84 4
1.2 -0.72 3
1.2 -0.6 2
1.2 -0.48 3
1.2 -0.36 1
1.2 -0.24 14
1.2 -0.12 2
1.2 1.66533e-15 2
1.2 0.12 1
1.2 0.24 9
1.2 0.36 2
1.2 0.48 2
1.2 0.6 3
1.2 0.72 3
1.2 0.84 3
1.2 0.96 3
1.2 1.08 2
1.2 1.2 3
1.2 1.32 3
1.2 1.44 3
1.2 1.56 5
1.2 1.68 3
1.2 1.8 3
1.2 1.92 3
1.2 2.04 4
1.2 2.16 3
1.2 2.28 3
1.2 2.4 4
1.2 2.52 3
1.2 2.64 3
1.2 2.76 4
1.2 2.88 1
1.2 3 120

1.32 -3 12
1.32 -2.88 5
1.32 -2.76 3
1.32 -2.64 1
1.32 -2.52 9
1.32 -2.4 3
1.32 -2.28 3
1.32 -2.16 5
1.32 -2.04 3
1.32 -1.92 1
1.32 -1.8 12
1.32 -1.68 3
1.32 -1.56 1
1.32 -1.44 6
1.32 -1.32 3
1.32 -1.2 1
1.32 -1.08 6
1.32 -0.96 2
1.32 -0.84 1
1.32 -0.72 8
1.32 -0.6 3
1.32 -0.48 1
1.32 -0.36 8
1.32 -0.24 3
1.32 -0.12 3
1.32 1.66533e-15 3
1.32 0.12 1
1.32 0.24 9
1.32 0.36 3
1.32 0.48 1
1.32 0.6 12
1.32 0.72 2
1.32 0.84 1
1.32 0.96 6
1.32 1.08 1
1.32 1.2 6
1.32 1.32 1
1.32 1.44 7
1.32 1.56 2
1.32 1.68 1
1.32 1.8 9
1.32 1.92 2
1.32 2.04 1
1.32 2.16 120
1.32 2.28 120
1.32 2.4 120
1.32 2.52 120
1.32 2.64 120
1.32 2.76 120
1.32 2.88 120
1.32 3 120

1.44 -3 11
1.44 -2.88 6
1.44 -2.76 3
1.44 -2.64 4
1.44 -2.52 3
1.44 -2.4 3
1.44 -2.28 3
1.44 -2.16 2
1.44 -2.04 1
1.44 -1.92 120
1.44 -1.8 120
1.44 -1.68 120
1.44 -1.56 16
1.44 -1.44 3
1.44 -1.32 3
1.44 -1.2 3
1.44 -1.08 6
1.44 -0.96 3
1.44 -0.84 3
1.44 -0.72 3
1.44 -0.6 3
1.44 -0.48 3
1.44 -0.36 2
1.44 -0.24 2
1.44 -0.12 2
1.44 1.66533e-15 1
1.44 0.12 10
1.44 0.24 5
1.44 0.36 1
1.44 0.48 7
1.44 0.6 3
1.44 0.72 2
1.44 0.84 1
1.44 0.96 6
1.44 1.08 2
1.44 1.2 1
1.44 1.32 7
1.44 1.44 2
1.44 1.56 1
1.44 1.68 8
1.44 1.8 1
1.44 1.92 120
1.44 2.04 120
1.44 2.16 120
1.44 2.28 120
1.44 2.4 120
1.44 2.52 120
1.44 2.64 120
1.44 2.76 120
1.44 2.88 120
1.44 3 120

1.56 -3 10
1.56 -2.88 3
1.56 -2.76 3
1.56 -2.64 3
1.56 -2.52 3
1.56 -2.4 4
1.56 -2.28 1
1.56 -2.16 120
1.56 -2.04 120
1.56 -1.92 120
1.56 -1.8 120
1.56 -1.68 120
1.56 -1.56 22
1.56 -1.44 3
1.56 -1.32 2
1.56 -1.2 1
1.56 -1.08 6
1.56 -0.96 2
1.56 -0.84 1
1.56 -0.72 7
1.56 -0.6 1
1.56 -0.48 7
1.56 -0.36 3
1.56 -0.24 3
1.56 -0.12 3
1.56 1.66533e-15 1
1.56 0.12 8
1.56 0.24 3
1.56 0.36 3
1.56 0.48 2
1.56 0.6 1
1.56 0.72 6
1.56 0.84 2
1.56 0.96 1
1.56 1.08 5
1.56 1.2 2
1.56 1.32 1
1.56 1.44 7
1.56 1.56 1
1.56 1.68 8
1.56 1.8 1
1.56 1.92 25
1.56 2.04 3
1.56 2.16 3
1.56 2.28 3
1.56 2.4 3
1.56 2.52 4
1.56 2.64 3
1.56 2.76 3
1.56 2.88 3
1.56 3 3

1.68 -3 4
1.68 -2.88 3
1.68 -2.76 3
1.68 -2.64 4
1.68 -2.52 3
1.68 -2.4 3
1.68 -2.28 3
1.68 -2.16 6
1.68 -2.04 3
1.68 -1.92 5
1.68 -1.8 5
1.68 -1.68 2
1.68 -1.56 3
1.68 -1.44 3
1.68 -1.32 3
1.68 -1.2 3
1.68 -1.08 3
1.68 -0.96 3
1.68 -0.84 3
1.68 -0.72 6
1.68 -0.6 4
1.68 -0.48 3
1.68 -0.36 3
1.68 -0.24 6
1.68 -0.12 3
1.68 1.66533e-15 5
1.68 0.12 3
1.68 0.24 3
1.68 0.36 3
1.68 0.48 3
1.68 0.6 4
1.68 0.72 3
1.68 0.84 3
1.68 0.96 4
1.68 1.08 3
1.68 1.2 5
1.68 1.32 3
1.68 1.44 3
1.68 1.56 3
1.68 1.68 3
1.68 1.8 4
1.68 1.92 3
1.68 2.04 3
1.68 2.16 3
1.68 2.28 3
1.68 2.4 3
1.68 2.52 4
1.68 2.64 3
1.68 2.76 3
1.68 2.88 3
1.68 3 3

1.8 -3 5
1.8 -2.88 5
1.8 -2.76 5
1.8 -2.64 3
1.8 -2.52 3
1.8 -2.4 3
1.8 -2.28 5
1.8 -2.16 3
1.8 -2.04 5
1.8 -1.92 5
1.8 -1.8 4
1.8 -1.68 3
1.8 -1.56 3
1.8 -1.44 4
1.8 -1.32 3
1.8 -1.2 4
1.8 -1.08 3
1.8 -0.96 6
1.8 -0.84 3
1.8 -0.72 6
1.8 -0.6 4
1.8 -0.48 3
1.8 -0.36 3
1.8 -0.24 5
1.8 -0.12 3
1.8 1.66533e-15 3
1.8 0.12 4
1.8 0.24 3
1.8 0.36 3
1.8 0.48 3
1.8 0.6 3
1.8 0.72 3
1.8 0.84 6
1.8 0.96 3
1.8 1.08 3
1.8 1.2 4
1.8 1.32 3
1.8 1.44 3
1.8 1.56 3
1.8 1.68 4
1.8 1.8 3
1.8 1.92 3
1.8 2.04 3
1.8 2.16 3
1.8 2.28 3
1.8 2.4 4
1.8 2.52 3
1.8 2.64 3
1.8 2.76 3
1.8 2.88 4
1.8 3 3

1.92 -3 6
1.92 -2.88 3
1.92 -2.76 3
1.92 -2.64 3
1.92 -2.52 3
1.92 -2.4 3
1.92 -2.28 6
1.92 -2.16 3
1.92 -2.04 4
1.92 -1.92 2
1.92 -1.8 4
1.92 -1.68 4
1.92 -1.56 3
1.92 -1.44 3
1.92 -1.32 3
1.92 -1.2 3
1.92 -1.08 3
1.92 -0.96 3
1.92 -0.84 3
1.92 -0.72 6
1.92 -0.6 3
1.92 -0.48 3
1.92 -0.36 5
1.92 -0.24 3
1.92 -0.12 3
1.92 1.66533e-15 5
1.92 0.12 5
1.92 0.24 5
1.92 0.36 3
1.92 0.48 5
1.92 0.6 3
1.92 0.72 5
1.92 0.84 4
1.92 0.96 3
1.92 1.08 3
1.92 1.2 5
1.92 1.32 4
1.92 1.44 3
1.92 1.56 3
1.92 1.68 3
1.92 1.8 3
1.92 1.92 4
1.92 2.04 3
1.92 2.16 3
1.92 2.28 3
1.92 2.4 3
1.92 2.52 5
1.92 2.64 3
1.92 2.76 3
1.92 2.88 3
1.92 3 3

2.04 -3 6
2.04 -2.88 3
2.04 -2.76 3
2.04 -2.64 4
2.04 -2.52 3
2.04 -2.4 3
2.04 -2.28 3
2.04 -2.16 4
2.04 -2.04 3
2.04 -1.92 5
2.04 -1.8 5
2.04 -1.68 5
2.04 -1.56 3
2.04 -1.44 3
2.04 -1.32 3
2.04 -1.2 4
2.04 -1.08 3
2.04 -0.96 3
2.04 -0.84 4
2.04 -0.72 3
2.04 -0.6 3
2.04 -0.48 4
2.04 -0.36 3
2.04 -0.24 4
2.04 -0.12 3
2.04 1.66533e-15 3
2.04 0.12 5
2.04 0.24 3
2.04 0.36 6
2.04 0.48 3
2.04 0.6 3
2.04 0.72 5
2.04 0.84 3
2.04 0.96 3
2.04 1.08 3
2.04 1.2 4
2.04 1.32 3
2.04 1.44 3
2.04 1.56 3
2.04 1.68 3
2.04 1.8 3
2.04 1.92 4
2.04 2.04 3
2.04 2.16 3
2.04 2.28 3
2.04 2.4 3
2.04 2.52 5
2.04 2.64 3
2.04 2.76 3
2.04 2.88 3
2.04 3 3

2.16 -3 6
2.16 -2.88 3
2.16 -2.76 3
2.16 -2.64 3
2.16 -2.52 4
2.16 -2.4 3
2.16 -2.28 3
2.16 -2.16 3
2.16 -2.04 7
2.16 -1.92 3
2.16 -1.8 3
2.16 -1.68 3
2.16 -1.56 3
2.16 -1.44 4
2.16 -1.32 3
2.16 -1.2 3
2.16 -1.08 4
2.16 -0.96 3
2.16 -0.84 3
2.16 -0.72 4
2.16 -0.6 3
2.16 -0.48 3
2.16 -0.36 4
2.16 -0.24 3
2.16 -0.12 3
2.16 1.66533e-15 4
2.16 0.12 3
2.16 0.24 3
2.16 0.36 5
2.16 0.48 3
2.16 0.6 3
2.16 0.72 5
2.16 0.84 3
2.16 0.96 3
2.16 1.08 5
2.16 1.2 3
2.16 1.32 3
2.16 1.44 3
2.16 1.56 5
2.16 1.68 3
2.16 1.8 3
2.16 1.92 3
2.16 2.04 3
2.16 2.16 3
2.16 2.28 4
2.16 2.4 3
2.16 2.52 3
2.16 2.64 4
2.16 2.76 3
2.16 2.88 3
2.16 3 3

2.28 -3 6
2.28 -2.88 3
2.28 -2.76 3
2.28 -2.64 3
2.28 -2.52 4
2.28 -2.4 3
2.28 -2.28 3
2.28 -2.16 3
2.28 -2.04 4
2.28 -1.92 3
2.28 -1.8 5
2.28 -1.68 4
2.28 -1.56 5
2.28 -1.44 3
2.28 -1.32 3
2.28 -1.2 3
2.28 -1.08 3
2.28 -0.96 3
2.28 -0.84 3
2.28 -0.72 5
2.28 -0.6 5
2.28 -0.48 3
2.28 -0.36 3
2.28 -0.24 5
2.28 -0.12 5
2.28 1.66533e-15 5
2.28 0.12 4
2.28 0.24 4
2.28 0.36 5
2.28 0.48 5
2.28 0.6 5
2.28 0.72 4
2.28 0.84 5
2.28 0.96 3
2.28 1.08 3
2.28 1.2 5
2.28 1.32 5
2.28 1.44 3
2.28 1.56 3
2.28 1.68 3
2.28 1.8 3
2.28 1.92 4
2.28 2.04 3
2.28 2.16 3
2.28 2.28 3
2.28 2.4 3
2.28 2.52 5
2.28 2.64 3
2.28 2.76 3
2.28 2.88 3
2.28 3 3

2.4 -3 6
2.4 -2.88 3
2.4 -2.76 3
2.4 -2.64 4
2.4 -2.52 3
2.4 -2.4 3
2.4 -2.28 3
2.4 -2.16 3
2.4 -2.04 4
2.4 -1.92 3
2.4 -1.8 5
2.4 -1.68 3
2.4 -1.56 4
2.4 -1.44 3
2.4 -1.32 3
2.4 -1.2 2
2.4 -1.08 3
2.4 -0.96 3
2.4 -0.84 3
2.4 -0.72 4
2.4 -0.6 3
2.4 -0.48 3
2.4 -0.36 5
2.4 -0.24 5
2.4 -0.12 5
2.4 1.66533e-15 4
2.4 0.12 5
2.4 0.24 5
2.4 0.36 5
2.4 0.48 5
2.4 0.6 4
2.4 0.72 5
2.4 0.84 4
2.4 0.96 5
2.4 1.08 3
2.4 1.2 3
2.4 1.32 4
2.4 1.44 4
2.4 1.56 3
2.4 1.68 3
2.4 1.8 3
2.4 1.92 3
2.4 2.04 5
2.4 2.16 3
2.4 2.28 3
2.4 2.4 3
2.4 2.52 3
2.4 2.64 3
2.4 2.76 4
2.4 2.88 3
2.4 3 3

2.52 -3 5
2.52 -2.88 3
2.52 -2.76 3
2.52 -2.64 3
2.52 -2.52 4
2.52 -2.4 3
2.52 -2.28 3
2.52 -2.16 3
2.52 -2.04 4
2.52 -1.92 3
2.52 -1.8 4
2.52 -1.68 3
2.52 -1.56 2
2.52 -1.44 1
2.52 -1.32 14
2.52 -1.2 1
2.52 -1.08 7
2.52 -0.96 1
2.52 -0.84 5
2.52 -0.72 1
2.52 -0.6 7
2.52 -0.48 2
2.52 -0.36 1
2.52 -0.24 9
2.52 -0.12 2
2.52 1.66533e-15 1
2.52 0.12 10
2.52 0.24 4
2.52 0.36 1
2.52 0.48 9
2.52 0.6 3
2.52 0.72 1
2.52 0.84 5
2.52 0.96 2
2.52 1.08 1
2.52 1.2 6
2.52 1.32 1
2.52 1.44 8
2.52 1.56 1
2.52 1.68 17
2.52 1.8 2
2.52 1.92 1
2.52 2.04 120
2.52 2.16 120
2.52 2.28 120
2.52 2.4 120
2.52 2.52 120
2.52 2.64 120
2.52 2.76 120
2.52 2.88 120
2.52 3 120

2.64 -3 120
2.64 -2.88 19
2.64 -2.76 5
2.64 -2.64 4
2.64 -2.52 3
2.64 -2.4 3
2.64 -2.28 2
2.64 -2.16 1
2.64 -2.04 120
2.64 -1.92 120
2.64 -1.8 120
2.64 -1.68 120
2.64 -1.56 120
2.64 -1.44 120
2.64 -1.32 120
2.64 -1.2 120
2.64 -1.08 120
2.64 -0.96 120
2.64 -0.84 120
2.64 -0.72 20
2.64 -0.6 3
2.64 -0.48 3
2.64 -0.36 1
2.64 -0.24 8
2.64 -0.12 3
2.64 1.66533e-15 1
2.64 0.12 8
2.64 0.24 2
2.64 0.36 1
2.64 0.48 9
2.64 0.6 3
2.64 0.72 1
2.64 0.84 4
2.64 0.96 3
2.64 1.08 3
2.64 1.2 1
2.64 1.32 8
2.64 1.44 1
2.64 1.56 120
2.64 1.68 16
2.64 1.8 4
2.64 1.92 3
2.64 2.04 3
2.64 2.16 3
2.64 2.28 3
2.64 2.4 4
2.64 2.52 3
2.64 2.64 3
2.64 2.76 3
2.64 2.88 3
2.64 3 3

2.76 -3 6
2.76 -2.88 3
2.76 -2.76 3
2.76 -2.64 3
2.76 -2.52 4
2.76 -2.4 3
2.76 -2.28 3
2.76 -2.16 3
2.76 -2.04 4
2.76 -1.92 3
2.76 -1.8 5
2.76 -1.68 3
2.76 -1.56 5
2.76 -1.44 3
2.76 -1.32 3
2.76 -1.2 3
2.76 -1.08 3
2.76 -0.96 4
2.76 -0.84 3
2.76 -0.72 3
2.76 -0.6 3
2.76 -0.48 3
2.76 -0.36 4
2.76 -0.24 3
2.76 -0.12 3
2.76 1.66533e-15 3
2.76 0.12 4
2.76 0.24 3
2.76 0.36 3
2.76 0.48 4
2.76 0.6 3
2.76 0.72 3
2.76 0.84 3
2.76 0.96 5
2.76 1.08 3
2.76 1.2 3
2.76 1.32 3
2.76 1.44 4
2.76 1.56 3
2.76 1.68 3
2.76 1.8 3
2.76 1.92 3
2.76 2.04 3
2.76 2.16 4
2.76 2.28 4
2.76 2.4 3
2.76 2.52 3
2.76 2.64 4
2.76 2.76 3
2.76 2.88 3
2.76 3 3

2.88 -3 9
2.88 -2.88 4
2.88 -2.76 3
2.88 -2.64 3
2.88 -2.52 3
2.88 -2.4 3
2.88 -2.28 3
2.88 -2.16 4
2.88 -2.04 3
2.88 -1.92 3
2.88 -1.8 3
2.88 -1.68 5
2.88 -1.56 3
2.88 -1.44 5
2.88 -1.32 5
2.88 -1.2 5
2.88 -1.08 4
2.88 -0.96 3
2.88 -0.84 3
2.88 -0.72 3
2.88 -0.6 6
2.88 -0.48 5
2.88 -0.36 4
2.88 -0.24 4
2.88 -0.12 5
2.88 1.66533e-15 5
2.88 0.12 5
2.88 0.24 5
2.88 0.36 5
2.88 0.48 5
2.88 0.6 5
2.88 0.72 5
2.88 0.84 4
2.88 0.96 4
2.88 1.08 4
2.88 1.2 4
2.88 1.32 5
2.88 1.44 3
2.88 1.56 3
2.88 1.68 3
2.88 1.8 3
2.88 1.92 3
2.88 2.04 3
2.88 2.16 3
2.88 2.28 5
2.88 2.4 3
2.88 2.52 3
2.88 2.64 3
2.88 2.76 4
2.88 2.88 3
2.88 3 3

3 -3 9
3 -2.88 3
3 -2.76 3
3 -2.64 3
3 -2.52 4
3 -2.4 3
3 -2.28 3
3 -2.16 3
3 -2.04 3
3 -1.92 3
3 -1.8 5
3 -1.68 3
3 -1.56 4
3 -1.44 3
3 -1.32 5
3 -1.2 4
3 -1.08 4
3 -0.96 4
3 -0.84 4
3 -0.72 3
3 -0.6 3
3 -0.48 6
3 -0.36 4
3 -0.24 5
3 -0.12 5
3 1.66533e-15 4
3 0.12 5
3 0.24 5
3 0.36 5
3 0.48 4
3 0.6 5
3 0.72 5
3 0.84 5
3 0.96 5
3 1.08 5
3 1.2 3
3 1.32 3
3 1.44 3
3 1.56 3
3 1.68 3
3 1.8 3
3 1.92 4
3 2.04 3
3 2.16 3
3 2.28 3
3 2.4 5
3 2.52 3
3 2.64 3
3 2.76 3
3 2.88 3
3 3 5

