-3 -3 120
-3 -2.88 120
-3 -2.76 120
-3 -2.64 120
-3 -2.52 120
-3 -2.4 120
-3 -2.28 120
-3 -2.16 120
-3 -2.04 120
-3 -1.92 120
-3 -1.8 120
-3 -1.68 120
-3 -1.56 120
-3 -1.44 120
-3 -1.32 120
-3 -1.2 13
-3 -1.08 4
-3 -0.96 3
-3 -0.84 1
-3 -0.72 120
-3 -0.6 120
-3 -0.48 66
-3 -0.36 5
-3 -0.24 3
-3 -0.12 1
-3 1.66533e-15 120
-3 0.12 120
-3 0.24 120
-3 0.36 11
-3 0.48 4
-3 0.6 3
-3 0.72 2
-3 0.84 1
-3 0.96 120
-3 1.08 120
-3 1.2 120
-3 1.32 120
-3 1.44 120
-3 1.56 16
-3 1.68 4
-3 1.8 4
-3 1.92 3
-3 2.04 2
-3 2.16 1
-3 2.28 120
-3 2.4 5
-3 2.52 5
-3 2.64 1
-3 2.76 8
-3 2.88 1
-3 3 120

-2.88 -3 120
-2.88 -2.88 120
-2.88 -2.76 120
-2.88 -2.64 120
-2.88 -2.52 120
-2.88 -2.4 120
-2.88 -2.28 120
-2.88 -2.16 120
-2.88 -2.04 120
-2.88 -1.92 120
-2.88 -1.8 120
-2.88 -1.68 120
-2.88 -1.56 120
-2.88 -1.44 120
-2.88 -1.32 120
-2.88 -1.2 11
-2.88 -1.08 3
-2.88 -0.96 3
-2.88 -0.84 1
-2.88 -0.72 120
-2.88 -0.6 120
-2.88 -0.48 120
-2.88 -0.36 120
-2.88 -0.24 120
-2.88 -0.12 120
-2.88 1.66533e-15 120
-2.88 0.12 120
-2.88 0.24 120
-2.88 0.36 120
-2.88 0.48 120
-2.88 0.6 120
-2.88 0.72 120
-2.88 0.84 120
-2.88 0.96 120
-2.88 1.08 120
-2.88 1.2 120
-2.88 1.32 120
-2.88 1.44 120
-2.88 1.56 120
-2.88 1.68 120
-2.88 1.8 120
-2.88 1.92 120
-2.88 2.04 120
-2.88 2.16 120
-2.88 2.28 120
-2.88 2.4 11
-2.88 2.52 4
-2.88 2.64 3
-2.88 2.76 4
-2.88 2.88 2
-2.88 3 1

-2.76 -3 120
-2.76 -2.88 120
-2.76 -2.76 120
-2.76 -2.64 120
-2.76 -2.52 120
-2.76 -2.4 120
-2.76 -2.28 120
-2.76 -2.16 120
-2.76 -2.04 120
-2.76 -1.92 12
-2.76 -1.8 1
-2.76 -1.68 120
-2.76 -1.56 120
-2.76 -1.44 120
-2.76 -1.32 120
-2.76 -1.2 120
-2.76 -1.08 120
-2.76 -0.96 120
-2.76 -0.84 120
-2.76 -0.72 120
-2.76 -0.6 120
-2.76 -0.48 120
-2.76 -0.36 120
-2.76 -0.24 120
-2.76 -0.12 120
-2.76 1.66533e-15 120
-2.76 0.12 120
-2.76 0.24 120
-2.76 0.36 120
-2.76 0.48 46
-2.76 0.6 5
-2.76 0.72 3
-2.76 0.84 1
-2.76 0.96 120
-2.76 1.08 120
-2.76 1.2 120
-2.76 1.32 120
-2.76 1.44 120
-2.76 1.56 120
-2.76 1.68 120
-2.76 1.8 120
-2.76 1.92 120
-2.76 2.04 120
-2.76 2.16 120
-2.76 2.28 120
-2.76 2.4 120
-2.76 2.52 120
-2.76 2.64 120
-2.76 2.76 120
-2.76 2.88 120
-2.76 3 120

-2.64 -3 120
-2.64 -2.88 16
-2.64 -2.76 3
-2.64 -2.64 3
-2.64 -2.52 3
-2.64 -2.4 3
-2.64 -2.28 4
-2.64 -2.16 3
-2.64 -2.04 3
-2.64 -1.92 3
-2.64 -1.8 3
-2.64 -1.68 5
-2.64 -1.56 3
-2.64 -1.44 3
-2.64 -1.32 3
-2.64 -1.2 3
-2.64 -1.08 5
-2.64 -0.96 3
-2.64 -0.84 3
-2.64 -0.72 4
-2.64 -0.6 3
-2.64 -0.48 3
-2.64 -0.36 4
-2.64 -0.24 3
-2.64 -0.12 3
-2.64 1.66533e-15 3
-2.64 0.12 4
-2.64 0.24 3
-2.64 0.36 3
-2.64 0.48 3
-2.64 0.6 3
-2.64 0.72 5
-2.64 0.84 3
-2.64 0.96 3
-2.64 1.08 3
-2.64 1.2 5
-2.64 1.32 3
-2.64 1.44 3
-2.64 1.56 4
-2.64 1.68 4
-2.64 1.8 5
-2.64 1.92 3
-2.64 2.04 3
-2.64 2.16 3
-2.64 2.28 3
-2.64 2.4 4
-2.64 2.52 3
-2.64 2.64 3
-2.64 2.76 3
-2.64 2.88 4
-2.64 3 4

-2.52 -3 3
-2.52 -2.88 3
-2.52 -2.76 3
-2.52 -2.64 3
-2.52 -2.52 4
-2.52 -2.4 3
-2.52 -2.28 3
-2.52 -2.16 3
-2.52 -2.04 3
-2.52 -1.92 3
-2.52 -1.8 4
-2.52 -1.68 4
-2.52 -1.56 3
-2.52 -1.44 3
-2.52 -1.32 3
-2.52 -1.2 3
-2.52 -1.08 5
-2.52 -0.96 5
-2.52 -0.84 3
-2.52 -0.72 3
-2.52 -0.6 4
-2.52 -0.48 3
-2.52 -0.36 3
-2.52 -0.24 4
-2.52 -0.12 3
-2.52 1.66533e-15 3
-2.52 0.12 3
-2.52 0.24 4
-2.52 0.36 3
-2.52 0.48 3
-2.52 0.6 3
-2.52 0.72 4
-2.52 0.84 3
-2.52 0.96 3
-2.52 1.08 5
-2.52 1.2 3
-2.52 1.32 3
-2.52 1.44 5
-2.52 1.56 3
-2.52 1.68 5
-2.52 1.8 3
-2.52 1.92 3
-2.52 2.04 4
-2.52 2.16 3
-2.52 2.28 3
-2.52 2.4 3
-2.52 2.52 5
-2.52 2.64 4
-2.52 2.76 3
-2.52 2.88 3
-2.52 3 3

-2.4 -3 4
-2.4 -2.88 3
-2.4 -2.76 3
-2.4 -2.64 3
-2.4 -2.52 3
-2.4 -2.4 4
-2.4 -2.28 3
-2.4 -2.16 3
-2.4 -2.04 3
-2.4 -1.92 3
-2.4 -1.8 5
-2.4 -1.68 3
-2.4 -1.56 3
-2.4 -1.44 4
-2.4 -1.32 3
-2.4 -1.2 3
-2.4 -1.08 3
-2.4 -0.96 5
-2.4 -0.84 3
-2.4 -0.72 3
-2.4 -0.6 4
-2.4 -0.48 3
-2.4 -0.36 3
-2.4 -0.24 4
-2.4 -0.12 3
-2.4 1.66533e-15 4
-2.4 0.12 3
-2.4 0.24 5
-2.4 0.36 5
-2.4 0.48 5
-2.4 0.6 5
-2.4 0.72 5
-2.4 0.84 5
-2.4 0.96 5
-2.4 1.08 5
-2.4 1.2 5
-2.4 1.32 5
-2.4 1.44 5
-2.4 1.56 5
-2.4 1.68 5
-2.4 1.8 5
-2.4 1.92 5
-2.4 2.04 5
-2.4 2.16 5
-2.4 2.28 5
-2.4 2.4 5
-2.4 2.52 5
-2.4 2.64 5
-2.4 2.76 5
-2.4 2.88 5
-2.4 3 5

-2.28 -3 3
-2.28 -2.88 3
-2.28 -2.76 4
-2.28 -2.64 3
-2.28 -2.52 3
-2.28 -2.4 3
-2.28 -2.28 3
-2.28 -2.16 3
-2.28 -2.04 4
-2.28 -1.92 3
-2.28 -1.8 3
-2.28 -1.68 4
-2.28 -1.56 3
-2.28 -1.44 4
-2.28 -1.32 3
-2.28 -1.2 3
-2.28 -1.08 3
-2.28 -0.96 5
-2.28 -0.84 3
-2.28 -0.72 3
-2.28 -0.6 4
-2.28 -0.48 4
-2.28 -0.36 3
-2.28 -0.24 5
-2.28 -0.12 5
-2.28 1.66533e-15 5
-2.28 0.12 4
-2.28 0.24 3
-2.28 0.36 5
-2.28 0.48 4
-2.28 0.6 120
-2.28 0.72 120
-2.28 0.84 5
-2.28 0.96 5
-2.28 1.08 5
-2.28 1.2 5
-2.28 1.32 5
-2.28 1.44 5
-2.28 1.56 6
-2.28 1.68 5
-2.28 1.8 5
-2.28 1.92 5
-2.28 2.04 5
-2.28 2.16 5
-2.28 2.28 5
-2.28 2.4 5
-2.28 2.52 5
-2.28 2.64 5
-2.28 2.76 5
-2.28 2.88 5
-2.28 3 4

-2.16 -3 3
-2.16 -2.88 3
-2.16 -2.76 3
-2.16 -2.64 3
-2.16 -2.52 3
-2.16 -2.4 4
-2.16 -2.28 3
-2.16 -2.16 3
-2.16 -2.04 3
-2.16 -1.92 3
-2.16 -1.8 4
-2.16 -1.68 3
-2.16 -1.56 3
-2.16 -1.44 5
-2.16 -1.32 3
-2.16 -1.2 3
-2.16 -1.08 3
-2.16 -0.96 5
-2.16 -0.84 3
-2.16 -0.72 3
-2.16 -0.6 5
-2.16 -0.48 5
-2.16 -0.36 120
-2.16 -0.24 6
-2.16 -0.12 2
-2.16 1.66533e-15 1
-2.16 0.12 11
-2.16 0.24 3
-2.16 0.36 1
-2.16 0.48 120
-2.16 0.6 120
-2.16 0.72 120
-2.16 0.84 120
-2.16 0.96 120
-2.16 1.08 120
-2.16 1.2 120
-2.16 1.32 120
-2.16 1.44 120
-2.16 1.56 120
-2.16 1.68 120
-2.16 1.8 120
-2.16 1.92 120
-2.16 2.04 5
-2.16 2.16 5
-2.16 2.28 1
-2.16 2.4 120
-2.16 2.52 120
-2.16 2.64 120
-2.16 2.76 120
-2.16 2.88 120
-2.16 3 120

-2.04 -3 120
-2.04 -2.88 120
-2.04 -2.76 120
-2.04 -2.64 120
-2.04 -2.52 10
-2.04 -2.4 4
-2.04 -2.28 3
-2.04 -2.16 3
-2.04 -2.04 3
-2.04 -1.92 3
-2.04 -1.8 2
-2.04 -1.68 1
-2.04 -1.56 9
-2.04 -1.44 3
-2.04 -1.32 1
-2.04 -1.2 6
-2.04 -1.08 1
-2.04 -0.96 8
-2.04 -0.84 1
-2.04 -0.72 10
-2.04 -0.6 4
-2.04 -0.48 1
-2.04 -0.36 120
-2.04 -0.24 120
-2.04 -0.12 120
-2.04 1.66533e-15 120
-2.04 0.12 120
-2.04 0.24 120
-2.04 0.36 120
-2.04 0.48 120
-2.04 0.6 120
-2.04 0.72 120
-2.04 0.84 120
-2.04 0.96 10
-2.04 1.08 2
-2.04 1.2 1
-2.04 1.32 6
-2.04 1.44 1
-2.04 1.56 6
-2.04 1.68 3
-2.04 1.8 1
-2.04 1.92 8
-2.04 2.04 2
-2.04 2.16 1
-2.04 2.28 120
-2.04 2.4 120
-2.04 2.52 120
-2.04 2.64 120
-2.04 2.76 120
-2.04 2.88 120
-2.04 3 120

-1.92 -3 120
-1.92 -2.88 120
-1.92 -2.76 120
-1.92 -2.64 120
-1.92 -2.52 120
-1.92 -2.4 120
-1.92 -2.28 9
-1.92 -2.16 3
-1.92 -2.04 1
-1.92 -1.92 15
-1.92 -1.8 2
-1.92 -1.68 1
-1.92 -1.56 5
-1.92 -1.44 2
-1.92 -1.32 1
-1.92 -1.2 5
-1.92 -1.08 2
-1.92 -0.96 1
-1.92 -0.84 6
-1.92 -0.72 3
-1.92 -0.6 1
-1.92 -0.48 10
-1.92 -0.36 3
-1.92 -0.24 2
-1.92 -0.12 2
-1.92 1.66533e-15 3
-1.92 0.12 2
-1.92 0.24 3
-1.92 0.36 2
-1.92 0.48 2
-1.92 0.6 2
-1.92 0.72 2
-1.92 0.84 2
-1.92 0.96 3
-1.92 1.08 1
-1.92 1.2 120
-1.92 1.32 7
-1.92 1.44 3
-1.92 1.56 3
-1.92 1.68 1
-1.92 1.8 120
-1.92 1.92 120
-1.92 2.04 120
-1.92 2.16 120
-1.92 2.28 9
-1.92 2.4 3
-1.92 2.52 1
-1.92 2.64 9
-1.92 2.76 3
-1.92 2.88 1
-1.92 3 17

-1.8 -3 4
-1.8 -2.88 3
-1.8 -2.76 4
-1.8 -2.64 4
-1.8 -2.52 5
-1.8 -2.4 5
-1.8 -2.28 5
-1.8 -2.16 2
-1.8 -2.04 1
-1.8 -1.92 120
-1.8 -1.8 120
-1.8 -1.68 8
-1.8 -1.56 3
-1.8 -1.44 1
-1.8 -1.32 6
-1.8 -1.2 2
-1.8 -1.08 1
-1.8 -0.96 6
-1.8 -0.84 2
-1.8 -0.72 2
-1.8 -0.6 1
-1.8 -0.48 8
-1.8 -0.36 2
-1.8 -0.24 2
-1.8 -0.12 3
-1.8 1.66533e-15 3
-1.8 0.12 2
-1.8 0.24 3
-1.8 0.36 3
-1.8 0.48 2
-1.8 0.6 3
-1.8 0.72 3
-1.8 0.84 1
-1.8 0.96 120
-1.8 1.08 120
-1.8 1.2 120
-1.8 1.32 120
-1.8 1.44 120
-1.8 1.56 120
-1.8 1.68 120
-1.8 1.8 11
-1.8 1.92 1
-1.8 2.04 120
-1.8 2.16 7
-1.8 2.28 3
-1.8 2.4 1
-1.8 2.52 8
-1.8 2.64 3
-1.8 2.76 1
-1.8 2.88 120
-1.8 3 120

-1.68 -3 120
-1.68 -2.88 120
-1.68 -2.76 7
-1.68 -2.64 1
-1.68 -2.52 120
-1.68 -2.4 120
-1.68 -2.28 120
-1.68 -2.16 120
-1.68 -2.04 120
-1.68 -1.92 120
-1.68 -1.8 120
-1.68 -1.68 120
-1.68 -1.56 10
-1.68 -1.44 4
-1.68 -1.32 4
-1.68 -1.2 3
-1.68 -1.08 3
-1.68 -0.96 3
-1.68 -0.84 5
-1.68 -0.72 4
-1.68 -0.6 3
-1.68 -0.48 1
-1.68 -0.36 120
-1.68 -0.24 120
-1.68 -0.12 120
-1.68 1.66533e-15 5
-1.68 0.12 3
-1.68 0.24 3
-1.68 0.36 3
-1.68 0.48 3
-1.68 0.6 3
-1.68 0.72 3
-1.68 0.84 4
-1.68 0.96 3
-1.68 1.08 3
-1.68 1.2 2
-1.68 1.32 2
-1.68 1.44 2
-1.68 1.56 1
-1.68 1.68 120
-1.68 1.8 17
-1.68 1.92 120
-1.68 2.04 120
-1.68 2.16 120
-1.68 2.28 120
-1.68 2.4 25
-1.68 2.52 3
-1.68 2.64 3
-1.68 2.76 3
-1.68 2.88 3
-1.68 3 2

-1.56 -3 3
-1.56 -2.88 2
-1.56 -2.76 3
-1.56 -2.64 3
-1.56 -2.52 1
-1.56 -2.4 10
-1.56 -2.28 3
-1.56 -2.16 1
-1.56 -2.04 11
-1.56 -1.92 4
-1.56 -1.8 1
-1.56 -1.68 7
-1.56 -1.56 1
-1.56 -1.44 5
-1.56 -1.32 1
-1.56 -1.2 5
-1.56 -1.08 1
-1.56 -0.96 5
-1.56 -0.84 3
-1.56 -0.72 3
-1.56 -0.6 3
-1.56 -0.48 1
-1.56 -0.36 10
-1.56 -0.24 3
-1.56 -0.12 2
-1.56 1.66533e-15 2
-1.56 0.12 3
-1.56 0.24 2
-1.56 0.36 3
-1.56 0.48 3
-1.56 0.6 3
-1.56 0.72 3
-1.56 0.84 3
-1.56 0.96 3
-1.56 1.08 3
-1.56 1.2 3
-1.56 1.32 2
-1.56 1.44 120
-1.56 1.56 6
-1.56 1.68 2
-1.56 1.8 5
-1.56 1.92 7
-1.56 2.04 5
-1.56 2.16 5
-1.56 2.28 2
-1.56 2.4 3
-1.56 2.52 2
-1.56 2.64 2
-1.56 2.76 3
-1.56 2.88 1
-1.56 3 10

-1.44 -3 3
-1.44 -2.88 1
-1.44 -2.76 120
-1.44 -2.64 120
-1.44 -2.52 120
-1.44 -2.4 120
-1.44 -2.28 120
-1.44 -2.16 120
-1.44 -2.04 120
-1.44 -1.92 120
-1.44 -1.8 120
-1.44 -1.68 120
-1.44 -1.56 120
-1.44 -1.44 120
-1.44 -1.32 6
-1.44 -1.2 2
-1.44 -1.08 1
-1.44 -0.96 6
-1.44 -0.84 3
-1.44 -0.72 1
-1.44 -0.6 120
-1.44 -0.48 11
-1.44 -0.36 3
-1.44 -0.24 5
-1.44 -0.12 1
-1.44 1.66533e-15 120
-1.44 0.12 120
-1.44 0.24 120
-1.44 0.36 120
-1.44 0.48 120
-1.44 0.6 120
-1.44 0.72 120
-1.44 0.84 120
-1.44 0.96 120
-1.44 1.08 13
-1.44 1.2 3
-1.44 1.32 3
-1.44 1.44 120
-1.44 1.56 4
-1.44 1.68 3
-1.44 1.8 5
-1.44 1.92 120
-1.44 2.04 120
-1.44 2.16 120
-1.44 2.28 120
-1.44 2.4 26
-1.44 2.52 3
-1.44 2.64 3
-1.44 2.76 4
-1.44 2.88 2
-1.44 3 2

-1.32 -3 3
-1.32 -2.88 3
-1.32 -2.76 2
-1.32 -2.64 2
-1.32 -2.52 2
-1.32 -2.4 3
-1.32 -2.28 1
-1.32 -2.16 10
-1.32 -2.04 2
-1.32 -1.92 1
-1.32 -1.8 8
-1.32 -1.68 2
-1.32 -1.56 1
-1.32 -1.44 5
-1.32 -1.32 1
-1.32 -1.2 4
-1.32 -1.08 2
-1.32 -0.96 1
-1.32 -0.84 7
-1.32 -0.72 1
-1.32 -0.6 120
-1.32 -0.48 120
-1.32 -0.36 7
-1.32 -0.24 3
-1.32 -0.12 1
-1.32 1.66533e-15 120
-1.32 0.12 120
-1.32 0.24 120
-1.32 0.36 120
-1.32 0.48 120
-1.32 0.6 120
-1.32 0.72 8
-1.32 0.84 5
-1.32 0.96 3
-1.32 1.08 3
-1.32 1.2 3
-1.32 1.32 3
-1.32 1.44 4
-1.32 1.56 5
-1.32 1.68 4
-1.32 1.8 3
-1.32 1.92 3
-1.32 2.04 6
-1.32 2.16 3
-1.32 2.28 4
-1.32 2.4 2
-1.32 2.52 1
-1.32 2.64 120
-1.32 2.76 120
-1.32 2.88 120
-1.32 3 120

-1.2 -3 11
-1.2 -2.88 4
-1.2 -2.76 3
-1.2 -2.64 3
-1.2 -2.52 1
-1.2 -2.4 120
-1.2 -2.28 120
-1.2 -2.16 18
-1.2 -2.04 4
-1.2 -1.92 3
-1.2 -1.8 5
-1.2 -1.68 3
-1.2 -1.56 5
-1.2 -1.44 2
-1.2 -1.32 3
-1.2 -1.2 3
-1.2 -1.08 3
-1.2 -0.96 3
-1.2 -0.84 3
-1.2 -0.72 3
-1.2 -0.6 3
-1.2 -0.48 3
-1.2 -0.36 3
-1.2 -0.24 3
-1.2 -0.12 3
-1.2 1.66533e-15 3
-1.2 0.12 3
-1.2 0.24 3
-1.2 0.36 4
-1.2 0.48 3
-1.2 0.6 3
-1.2 0.72 3
-1.2 0.84 3
-1.2 0.96 4
-1.2 1.08 3
-1.2 1.2 3
-1.2 1.32 3
-1.2 1.44 3
-1.2 1.56 3
-1.2 1.68 3
-1.2 1.8 1
-1.2 1.92 9
-1.2 2.04 2
-1.2 2.16 1
-1.2 2.28 8
-1.2 2.4 2
-1.2 2.52 1
-1.2 2.64 120
-1.2 2.76 120
-1.2 2.88 120
-1.2 3 120

-1.08 -3 120
-1.08 -2.88 120
-1.08 -2.76 120
-1.08 -2.64 120
-1.08 -2.52 120
-1.08 -2.4 120
-1.08 -2.28 120
-1.08 -2.16 120
-1.08 -2.04 120
-1.08 -1.92 13
-1.08 -1.8 3
-1.08 -1.68 3
-1.08 -1.56 2
-1.08 -1.44 3
-1.08 -1.32 1
-1.08 -1.2 8
-1.08 -1.08 1
-1.08 -0.96 9
-1.08 -0.84 4
-1.08 -0.72 1
-1.08 -0.6 120
-1.08 -0.48 6
-1.08 -0.36 3
-1.08 -0.24 1
-1.08 -0.12 11
-1.08 1.66533e-15 1
-1.08 0.12 120
-1.08 0.24 120
-1.08 0.36 120
-1.08 0.48 11
-1.08 0.6 2
-1.08 0.72 1
-1.08 0.84 120
-1.08 0.96 10
-1.08 1.08 1
-1.08 1.2 5
-1.08 1.32 1
-1.08 1.44 6
-1.08 1.56 2
-1.08 1.68 2
-1.08 1.8 3
-1.08 1.92 1
-1.08 2.04 9
-1.08 2.16 1
-1.08 2.28 9
-1.08 2.4 1
-1.08 2.52 120
-1.08 2.64 120
-1.08 2.76 120
-1.08 2.88 120
-1.08 3 120

-0.96 -3 120
-0.96 -2.88 120
-0.96 -2.76 120
-0.96 -2.64 120
-0.96 -2.52 120
-0.96 -2.4 120
-0.96 -2.28 120
-0.96 -2.16 120
-0.96 -2.04 120
-0.96 -1.92 120
-0.96 -1.8 120
-0.96 -1.68 120
-0.96 -1.56 120
-0.96 -1.44 120
-0.96 -1.32 120
-0.96 -1.2 8
-0.96 -1.08 4
-0.96 -0.96 1
-0.96 -0.84 8
-0.96 -0.72 3
-0.96 -0.6 3
-0.96 -0.48 1
-0.96 -0.36 120
-0.96 -0.24 6
-0.96 -0.12 3
-0.96 1.66533e-15 3
-0.96 0.12 3
-0.96 0.24 3
-0.96 0.36 2
-0.96 0.48 3
-0.96 0.6 3
-0.96 0.72 2
-0.96 0.84 3
-0.96 0.96 3
-0.96 1.08 3
-0.96 1.2 3
-0.96 1.32 3
-0.96 1.44 2
-0.96 1.56 3
-0.96 1.68 77
-0.96 1.8 4
-0.96 1.92 3
-0.96 2.04 5
-0.96 2.16 2
-0.96 2.28 3
-0.96 2.4 2
-0.96 2.52 1
-0.96 2.64 120
-0.96 2.76 120
-0.96 2.88 120
-0.96 3 120

-0.84 -3 120
-0.84 -2.88 120
-0.84 -2.76 8
-0.84 -2.64 3
-0.84 -2.52 1
-0.84 -2.4 120
-0.84 -2.28 120
-0.84 -2.16 120
-0.84 -2.04 120
-0.84 -1.92 8
-0.84 -1.8 2
-0.84 -1.68 1
-0.84 -1.56 7
-0.84 -1.44 3
-0.84 -1.32 1
-0.84 -1.2 9
-0.84 -1.08 1
-0.84 -0.96 8
-0.84 -0.84 2
-0.84 -0.72 1
-0.84 -0.6 120
-0.84 -0.48 13
-0.84 -0.36 1
-0.84 -0.24 120
-0.84 -0.12 11
-0.84 1.66533e-15 1
-0.84 0.12 11
-0.84 0.24 1
-0.84 0.36 8
-0.84 0.48 1
-0.84 0.6 8
-0.84 0.72 2
-0.84 0.84 1
-0.84 0.96 7
-0.84 1.08 1
-0.84 1.2 6
-0.84 1.32 2
-0.84 1.44 1
-0.84 1.56 7
-0.84 1.68 3
-0.84 1.8 3
-0.84 1.92 3
-0.84 2.04 120
-0.84 2.16 4
-0.84 2.28 1
-0.84 2.4 120
-0.84 2.52 9
-0.84 2.64 3
-0.84 2.76 2
-0.84 2.88 1
-0.84 3 120

-0.72 -3 8
-0.72 -2.88 4
-0.72 -2.76 4
-0.72 -2.64 4
-0.72 -2.52 3
-0.72 -2.4 5
-0.72 -2.28 3
-0.72 -2.16 3
-0.72 -2.04 4
-0.72 -1.92 3
-0.72 -1.8 6
-0.72 -1.68 3
-0.72 -1.56 3
-0.72 -1.44 5
-0.72 -1.32 5
-0.72 -1.2 5
-0.72 -1.08 5
-0.72 -0.96 5
-0.72 -0.84 5
-0.72 -0.72 2
-0.72 -0.6 120
-0.72 -0.48 5
-0.72 -0.36 1
-0.72 -0.24 120
-0.72 -0.12 14
-0.72 1.66533e-15 3
-0.72 0.12 3
-0.72 0.24 3
-0.72 0.36 3
-0.72 0.48 2
-0.72 0.6 2
-0.72 0.72 2
-0.72 0.84 3
-0.72 0.96 2
-0.72 1.08 3
-0.72 1.2 3
-0.72 1.32 2
-0.72 1.44 3
-0.72 1.56 3
-0.72 1.68 2
-0.72 1.8 3
-0.72 1.92 5
-0.72 2.04 4
-0.72 2.16 1
-0.72 2.28 120
-0.72 2.4 120
-0.72 2.52 120
-0.72 2.64 120
-0.72 2.76 7
-0.72 2.88 2
-0.72 3 1

-0.6 -3 120
-0.6 -2.88 120
-0.6 -2.76 120
-0.6 -2.64 6
-0.6 -2.52 5
-0.6 -2.4 3
-0.6 -2.28 3
-0.6 -2.16 3
-0.6 -2.04 6
-0.6 -1.92 5
-0.6 -1.8 5
-0.6 -1.68 5
-0.6 -1.56 5
-0.6 -1.44 5
-0.6 -1.32 6
-0.6 -1.2 5
-0.6 -1.08 3
-0.6 -0.96 3
-0.6 -0.84 3
-0.6 -0.72 5
-0.6 -0.6 2
-0.6 -0.48 1
-0.6 -0.36 120
-0.6 -0.24 15
-0.6 -0.12 3
-0.6 1.66533e-15 1
-0.6 0.12 12
-0.6 0.24 3
-0.6 0.36 2
-0.6 0.48 1
-0.6 0.6 8
-0.6 0.72 1
-0.6 0.84 8
-0.6 0.96 1
-0.6 1.08 7
-0.6 1.2 2
-0.6 1.32 1
-0.6 1.44 120
-0.6 1.56 7
-0.6 1.68 3
-0.6 1.8 5
-0.6 1.92 3
-0.6 2.04 3
-0.6 2.16 3
-0.6 2.28 4
-0.6 2.4 3
-0.6 2.52 3
-0.6 2.64 3
-0.6 2.76 1
-0.6 2.88 120
-0.6 3 120

-0.48 -3 13
-0.48 -2.88 120
-0.48 -2.76 120
-0.48 -2.64 6
-0.48 -2.52 120
-0.48 -2.4 7
-0.48 -2.28 1
-0.48 -2.16 23
-0.48 -2.04 1
-0.48 -1.92 6
-0.48 -1.8 2
-0.48 -1.68 1
-0.48 -1.56 7
-0.48 -1.44 1
-0.48 -1.32 9
-0.48 -1.2 1
-0.48 -1.08 120
-0.48 -0.96 11
-0.48 -0.84 2
-0.48 -0.72 1
-0.48 -0.6 120
-0.48 -0.48 14
-0.48 -0.36 4
-0.48 -0.24 1
-0.48 -0.12 120
-0.48 1.66533e-15 19
-0.48 0.12 3
-0.48 0.24 3
-0.48 0.36 3
-0.48 0.48 3
-0.48 0.6 3
-0.48 0.72 3
-0.48 0.84 3
-0.48 0.96 3
-0.48 1.08 3
-0.48 1.2 1
-0.48 1.32 12
-0.48 1.44 3
-0.48 1.56 1
-0.48 1.68 11
-0.48 1.8 1
-0.48 1.92 6
-0.48 2.04 1
-0.48 2.16 6
-0.48 2.28 2
-0.48 2.4 1
-0.48 2.52 120
-0.48 2.64 7
-0.48 2.76 2
-0.48 2.88 1
-0.48 3 12

-0.36 -3 3
-0.36 -2.88 3
-0.36 -2.76 5
-0.36 -2.64 5
-0.36 -2.52 5
-0.36 -2.4 5
-0.36 -2.28 5
-0.36 -2.16 3
-0.36 -2.04 3
-0.36 -1.92 6
-0.36 -1.8 2
-0.36 -1.68 3
-0.36 -1.56 5
-0.36 -1.44 5
-0.36 -1.32 5
-0.36 -1.2 5
-0.36 -1.08 5
-0.36 -0.96 5
-0.36 -0.84 5
-0.36 -0.72 5
-0.36 -0.6 2
-0.36 -0.48 2
-0.36 -0.36 3
-0.36 -0.24 1
-0.36 -0.12 120
-0.36 1.66533e-15 120
-0.36 0.12 10
-0.36 0.24 1
-0.36 0.36 120
-0.36 0.48 120
-0.36 0.6 120
-0.36 0.72 120
-0.36 0.84 120
-0.36 0.96 10
-0.36 1.08 3
-0.36 1.2 2
-0.36 1.32 2
-0.36 1.44 1
-0.36 1.56 12
-0.36 1.68 2
-0.36 1.8 1
-0.36 1.92 6
-0.36 2.04 1
-0.36 2.16 6
-0.36 2.28 2
-0.36 2.4 2
-0.36 2.52 1
-0.36 2.64 10
-0.36 2.76 2
-0.36 2.88 1
-0.36 3 10

-0.24 -3 3
-0.24 -2.88 3
-0.24 -2.76 3
-0.24 -2.64 5
-0.24 -2.52 4
-0.24 -2.4 1
-0.24 -2.28 120
-0.24 -2.16 120
-0.24 -2.04 120
-0.24 -1.92 120
-0.24 -1.8 120
-0.24 -1.68 120
-0.24 -1.56 7
-0.24 -1.44 3
-0.24 -1.32 2
-0.24 -1.2 1
-0.24 -1.08 120
-0.24 -0.96 9
-0.24 -0.84 3
-0.24 -0.72 1
-0.24 -0.6 120
-0.24 -0.48 19
-0.24 -0.36 5
-0.24 -0.24 2
-0.24 -0.12 1
-0.24 1.66533e-15 120
-0.24 0.12 120
-0.24 0.24 120
-0.24 0.36 120
-0.24 0.48 120
-0.24 0.6 120
-0.24 0.72 120
-0.24 0.84 120
-0.24 0.96 120
-0.24 1.08 120
-0.24 1.2 120
-0.24 1.32 120
-0.24 1.44 120
-0.24 1.56 120
-0.24 1.68 120
-0.24 1.8 120
-0.24 1.92 120
-0.24 2.04 120
-0.24 2.16 120
-0.24 2.28 120
-0.24 2.4 120
-0.24 2.52 120
-0.24 2.64 120
-0.24 2.76 120
-0.24 2.88 14
-0.24 3 3

-0.12 -3 4
-0.12 -2.88 3
-0.12 -2.76 3
-0.12 -2.64 5
-0.12 -2.52 3
-0.12 -2.4 5
-0.12 -2.28 3
-0.12 -2.16 3
-0.12 -2.04 3
-0.12 -1.92 8
-0.12 -1.8 15
-0.12 -1.68 3
-0.12 -1.56 3
-0.12 -1.44 2
-0.12 -1.32 3
-0.12 -1.2 3
-0.12 -1.08 3
-0.12 -0.96 3
-0.12 -0.84 3
-0.12 -0.72 3
-0.12 -0.6 5
-0.12 -0.48 5
-0.12 -0.36 1
-0.12 -0.24 120
-0.12 -0.12 120
-0.12 1.66533e-15 120
-0.12 0.12 120
-0.12 0.24 120
-0.12 0.36 120
-0.12 0.48 120
-0.12 0.6 120
-0.12 0.72 120
-0.12 0.84 120
-0.12 0.96 120
-0.12 1.08 120
-0.12 1.2 120
-0.12 1.32 120
-0.12 1.44 120
-0.12 1.56 120
-0.12 1.68 9
-0.12 1.8 4
-0.12 1.92 1
-0.12 2.04 6
-0.12 2.16 1
-0.12 2.28 8
-0.12 2.4 2
-0.12 2.52 1
-0.12 2.64 120
-0.12 2.76 9
-0.12 2.88 4
-0.12 3 1

1.66533e-15 -3 120
1.66533e-15 -2.88 120
1.66533e-15 -2.76 120
1.66533e-15 -2.64 120
1.66533e-15 -2.52 120
1.66533e-15 -2.4 120
1.66533e-15 -2.28 120
1.66533e-15 -2.16 120
1.66533e-15 -2.04 120
1.66533e-15 -1.92 120
1.66533e-15 -1.8 120
1.66533e-15 -1.68 120
1.66533e-15 -1.56 120
1.66533e-15 -1.44 120
1.66533e-15 -1.32 120
1.66533e-15 -1.2 120
1.66533e-15 -1.08 20
1.66533e-15 -0.96 3
1.66533e-15 -0.84 1
1.66533e-15 -0.72 120
1.66533e-15 -0.6 120
1.66533e-15 -0.48 10
1.66533e-15 -0.36 3
1.66533e-15 -0.24 1
1.66533e-15 -0.12 120
1.66533e-15 1.66533e-15 120
1.66533e-15 0.12 120
1.66533e-15 0.24 120
1.66533e-15 0.36 120
1.66533e-15 0.48 120
1.66533e-15 0.6 120
1.66533e-15 0.72 120
1.66533e-15 0.84 120
1.66533e-15 0.96 120
1.66533e-15 1.08 120
1.66533e-15 1.2 120
1.66533e-15 1.32 120
1.66533e-15 1.44 120
1.66533e-15 1.56 120
1.66533e-15 1.68 120
1.66533e-15 1.8 120
1.66533e-15 1.92 120
1.66533e-15 2.04 120
1.66533e-15 2.16 120
1.66533e-15 2.28 120
1.66533e-15 2.4 120
1.66533e-15 2.52 120
1.66533e-15 2.64 11
1.66533e-15 2.76 5
1.66533e-15 2.88 3
1.66533e-15 3 2

0.12 -3 4
0.12 -2.88 3
0.12 -2.76 3
0.12 -2.64 4
0.12 -2.52 3
0.12 -2.4 5
0.12 -2.28 3
0.12 -2.16 3
0.12 -2.04 4
0.12 -1.92 3
0.12 -1.8 1
0.12 -1.68 120
0.12 -1.56 9
0.12 -1.44 3
0.12 -1.32 4
0.12 -1.2 2
0.12 -1.08 2
0.12 -0.96 1
0.12 -0.84 120
0.12 -0.72 120
0.12 -0.6 10
0.12 -0.48 3
0.12 -0.36 2
0.12 -0.24 2
0.12 -0.12 1
0.12 1.66533e-15 120
0.12 0.12 11
0.12 0.24 3
0.12 0.36 3
0.12 0.48 3
0.12 0.6 2
0.12 0.72 2
0.12 0.84 3
0.12 0.96 2
0.12 1.08 2
0.12 1.2 3
0.12 1.32 2
0.12 1.44 3
0.12 1.56 3
0.12 1.68 3
0.12 1.8 3
0.12 1.92 3
0.12 2.04 5
0.12 2.16 1
0.12 2.28 120
0.12 2.4 12
0.12 2.52 5
0.12 2.64 5
0.12 2.76 7
0.12 2.88 3
0.12 3 2

0.24 -3 2
0.24 -2.88 5
0.24 -2.76 120
0.24 -2.64 5
0.24 -2.52 120
0.24 -2.4 5
0.24 -2.28 5
0.24 -2.16 3
0.24 -2.04 3
0.24 -1.92 5
0.24 -1.8 120
0.24 -1.68 6
0.24 -1.56 1
0.24 -1.44 7
0.24 -1.32 3
0.24 -1.2 3
0.24 -1.08 3
0.24 -0.96 1
0.24 -0.84 120
0.24 -0.72 120
0.24 -0.6 120
0.24 -0.48 9
0.24 -0.36 1
0.24 -0.24 120
0.24 -0.12 120
0.24 1.66533e-15 120
0.24 0.12 120
0.24 0.24 120
0.24 0.36 120
0.24 0.48 120
0.24 0.6 120
0.24 0.72 120
0.24 0.84 120
0.24 0.96 120
0.24 1.08 120
0.24 1.2 120
0.24 1.32 120
0.24 1.44 120
0.24 1.56 120
0.24 1.68 120
0.24 1.8 120
0.24 1.92 120
0.24 2.04 120
0.24 2.16 120
0.24 2.28 120
0.24 2.4 120
0.24 2.52 120
0.24 2.64 120
0.24 2.76 13
0.24 2.88 5
0.24 3 2

0.36 -3 4
0.36 -2.88 3
0.36 -2.76 3
0.36 -2.64 3
0.36 -2.52 5
0.36 -2.4 5
0.36 -2.28 5
0.36 -2.16 5
0.36 -2.04 5
0.36 -1.92 5
0.36 -1.8 1
0.36 -1.68 120
0.36 -1.56 120
0.36 -1.44 120
0.36 -1.32 120
0.36 -1.2 6
0.36 -1.08 5
0.36 -0.96 5
0.36 -0.84 3
0.36 -0.72 3
0.36 -0.6 3
0.36 -0.48 3
0.36 -0.36 3
0.36 -0.24 5
0.36 -0.12 4
0.36 1.66533e-15 2
0.36 0.12 1
0.36 0.24 120
0.36 0.36 120
0.36 0.48 120
0.36 0.6 120
0.36 0.72 120
0.36 0.84 120
0.36 0.96 120
0.36 1.08 7
0.36 1.2 3
0.36 1.32 3
0.36 1.44 3
0.36 1.56 3
0.36 1.68 3
0.36 1.8 1
0.36 1.92 6
0.36 2.04 2
0.36 2.16 2
0.36 2.28 1
0.36 2.4 9
0.36 2.52 120
0.36 2.64 3
0.36 2.76 3
0.36 2.88 1
0.36 3 120

0.48 -3 120
0.48 -2.88 120
0.48 -2.76 120
0.48 -2.64 120
0.48 -2.52 120
0.48 -2.4 120
0.48 -2.28 120
0.48 -2.16 120
0.48 -2.04 120
0.48 -1.92 120
0.48 -1.8 120
0.48 -1.68 120
0.48 -1.56 120
0.48 -1.44 120
0.48 -1.32 120
0.48 -1.2 120
0.48 -1.08 82
0.48 -0.96 120
0.48 -0.84 120
0.48 -0.72 6
0.48 -0.6 120
0.48 -0.48 6
0.48 -0.36 6
0.48 -0.24 2
0.48 -0.12 1
0.48 1.66533e-15 120
0.48 0.12 120
0.48 0.24 120
0.48 0.36 120
0.48 0.48 120
0.48 0.6 120
0.48 0.72 120
0.48 0.84 120
0.48 0.96 120
0.48 1.08 120
0.48 1.2 120
0.48 1.32 120
0.48 1.44 120
0.48 1.56 120
0.48 1.68 120
0.48 1.8 120
0.48 1.92 120
0.48 2.04 120
0.48 2.16 120
0.48 2.28 120
0.48 2.4 120
0.48 2.52 120
0.48 2.64 120
0.48 2.76 120
0.48 2.88 120
0.48 3 120

0.6 -3 120
0.6 -2.88 120
0.6 -2.76 120
0.6 -2.64 120
0.6 -2.52 120
0.6 -2.4 120
0.6 -2.28 120
0.6 -2.16 120
0.6 -2.04 120
0.6 -1.92 120
0.6 -1.8 120
0.6 -1.68 120
0.6 -1.56 120
0.6 -1.44 120
0.6 -1.32 120
0.6 -1.2 120
0.6 -1.08 10
0.6 -0.96 2
0.6 -0.84 6
0.6 -0.72 1
0.6 -0.6 120
0.6 -0.48 120
0.6 -0.36 12
0.6 -0.24 3
0.6 -0.12 2
0.6 1.66533e-15 3
0.6 0.12 2
0.6 0.24 3
0.6 0.36 2
0.6 0.48 2
0.6 0.6 3
0.6 0.72 2
0.6 0.84 2
0.6 0.96 3
0.6 1.08 3
0.6 1.2 3
0.6 1.32 2
0.6 1.44 3
0.6 1.56 3
0.6 1.68 3
0.6 1.8 4
0.6 1.92 1
0.6 2.04 120
0.6 2.16 8
0.6 2.28 2
0.6 2.4 120
0.6 2.52 5
0.6 2.64 5
0.6 2.76 120
0.6 2.88 120
0.6 3 120

0.72 -3 120
0.72 -2.88 6
0.72 -2.76 4
0.72 -2.64 3
0.72 -2.52 3
0.72 -2.4 4
0.72 -2.28 3
0.72 -2.16 3
0.72 -2.04 3
0.72 -1.92 4
0.72 -1.8 5
0.72 -1.68 1
0.72 -1.56 120
0.72 -1.44 120
0.72 -1.32 120
0.72 -1.2 9
0.72 -1.08 3
0.72 -0.96 3
0.72 -0.84 3
0.72 -0.72 2
0.72 -0.6 2
0.72 -0.48 2
0.72 -0.36 3
0.72 -0.24 2
0.72 -0.12 2
0.72 1.66533e-15 3
0.72 0.12 2
0.72 0.24 2
0.72 0.36 2
0.72 0.48 3
0.72 0.6 3
0.72 0.72 1
0.72 0.84 120
0.72 0.96 120
0.72 1.08 120
0.72 1.2 9
0.72 1.32 120
0.72 1.44 4
0.72 1.56 4
0.72 1.68 3
0.72 1.8 1
0.72 1.92 8
0.72 2.04 2
0.72 2.16 2
0.72 2.28 1
0.72 2.4 120
0.72 2.52 11
0.72 2.64 5
0.72 2.76 3
0.72 2.88 1
0.72 3 120

0.84 -3 120
0.84 -2.88 9
0.84 -2.76 120
0.84 -2.64 4
0.84 -2.52 2
0.84 -2.4 1
0.84 -2.28 11
0.84 -2.16 5
0.84 -2.04 3
0.84 -1.92 1
0.84 -1.8 120
0.84 -1.68 9
0.84 -1.56 1
0.84 -1.44 7
0.84 -1.32 3
0.84 -1.2 1
0.84 -1.08 8
0.84 -0.96 1
0.84 -0.84 12
0.84 -0.72 3
0.84 -0.6 1
0.84 -0.48 13
0.84 -0.36 3
0.84 -0.24 1
0.84 -0.12 120
0.84 1.66533e-15 120
0.84 0.12 120
0.84 0.24 120
0.84 0.36 120
0.84 0.48 120
0.84 0.6 120
0.84 0.72 120
0.84 0.84 120
0.84 0.96 120
0.84 1.08 120
0.84 1.2 120
0.84 1.32 12
0.84 1.44 2
0.84 1.56 3
0.84 1.68 2
0.84 1.8 1
0.84 1.92 8
0.84 2.04 5
0.84 2.16 3
0.84 2.28 3
0.84 2.4 2
0.84 2.52 1
0.84 2.64 120
0.84 2.76 10
0.84 2.88 4
0.84 3 4

0.96 -3 3
0.96 -2.88 3
0.96 -2.76 3
0.96 -2.64 3
0.96 -2.52 5
0.96 -2.4 5
0.96 -2.28 5
0.96 -2.16 5
0.96 -2.04 5
0.96 -1.92 4
0.96 -1.8 5
0.96 -1.68 2
0.96 -1.56 1
0.96 -1.44 120
0.96 -1.32 9
0.96 -1.2 3
0.96 -1.08 3
0.96 -0.96 3
0.96 -0.84 1
0.96 -0.72 120
0.96 -0.6 12
0.96 -0.48 3
0.96 -0.36 3
0.96 -0.24 3
0.96 -0.12 2
0.96 1.66533e-15 1
0.96 0.12 120
0.96 0.24 120
0.96 0.36 8
0.96 0.48 3
0.96 0.6 2
0.96 0.72 3
0.96 0.84 2
0.96 0.96 3
0.96 1.08 3
0.96 1.2 3
0.96 1.32 3
0.96 1.44 2
0.96 1.56 2
0.96 1.68 3
0.96 1.8 2
0.96 1.92 6
0.96 2.04 3
0.96 2.16 3
0.96 2.28 4
0.96 2.4 3
0.96 2.52 3
0.96 2.64 3
0.96 2.76 5
0.96 2.88 5
0.96 3 5

1.08 -3 120
1.08 -2.88 4
1.08 -2.76 3
1.08 -2.64 2
1.08 -2.52 1
1.08 -2.4 120
1.08 -2.28 10
1.08 -2.16 4
1.08 -2.04 1
1.08 -1.92 120
1.08 -1.8 9
1.08 -1.68 3
1.08 -1.56 1
1.08 -1.44 8
1.08 -1.32 1
1.08 -1.2 8
1.08 -1.08 2
1.08 -0.96 1
1.08 -0.84 9
1.08 -0.72 1
1.08 -0.6 120
1.08 -0.48 6
1.08 -0.36 3
1.08 -0.24 3
1.08 -0.12 2
1.08 1.66533e-15 1
1.08 0.12 120
1.08 0.24 120
1.08 0.36 120
1.08 0.48 4
1.08 0.6 3
1.08 0.72 2
1.08 0.84 2
1.08 0.96 3
1.08 1.08 3
1.08 1.2 3
1.08 1.32 3
1.08 1.44 3
1.08 1.56 1
1.08 1.68 120
1.08 1.8 10
1.08 1.92 5
1.08 2.04 5
1.08 2.16 5
1.08 2.28 5
1.08 2.4 3
1.08 2.52 3
1.08 2.64 3
1.08 2.76 5
1.08 2.88 5
1.08 3 3

1.2 -3 120
1.2 -2.88 4
1.2 -2.76 1
1.2 -2.64 120
1.2 -2.52 120
1.2 -2.4 120
1.2 -2.28 120
1.2 -2.16 120
1.2 -2.04 120
1.2 -1.92 120
1.2 -1.8 120
1.2 -1.68 120
1.2 -1.56 120
1.2 -1.44 120
1.2 -1.32 120
1.2 -1.2 120
1.2 -1.08 120
1.2 -0.96 120
1.2 -0.84 120
1.2 -0.72 120
1.2 -0.6 120
1.2 -0.48 120
1.2 -0.36 120
1.2 -0.24 120
1.2 -0.12 120
1.2 1.66533e-15 60
1.2 0.12 3
1.2 0.24 3
1.2 0.36 3
1.2 0.48 1
1.2 0.6 120
1.2 0.72 120
1.2 0.84 120
1.2 0.96 120
1.2 1.08 120
1.2 1.2 120
1.2 1.32 120
1.2 1.44 120
1.2 1.56 120
1.2 1.68 120
1.2 1.8 120
1.2 1.92 120
1.2 2.04 120
1.2 2.16 120
1.2 2.28 120
1.2 2.4 120
1.2 2.52 120
1.2 2.64 120
1.2 2.76 120
1.2 2.88 120
1.2 3 120

1.32 -3 120
1.32 -2.88 120
1.32 -2.76 120
1.32 -2.64 120
1.32 -2.52 120
1.32 -2.4 120
1.32 -2.28 120
1.32 -2.16 120
1.32 -2.04 120
1.32 -1.92 120
1.32 -1.8 120
1.32 -1.68 120
1.32 -1.56 120
1.32 -1.44 120
1.32 -1.32 120
1.32 -1.2 120
1.32 -1.08 8
1.32 -0.96 5
1.32 -0.84 4
1.32 -0.72 4
1.32 -0.6 2
1.32 -0.48 5
1.32 -0.36 5
1.32 -0.24 5
1.32 -0.12 5
1.32 1.66533e-15 4
1.32 0.12 4
1.32 0.24 2
1.32 0.36 120
1.32 0.48 3
1.32 0.6 3
1.32 0.72 3
1.32 0.84 3
1.32 0.96 2
1.32 1.08 5
1.32 1.2 120
1.32 1.32 120
1.32 1.44 4
1.32 1.56 3
1.32 1.68 4
1.32 1.8 3
1.32 1.92 4
1.32 2.04 3
1.32 2.16 4
1.32 2.28 3
1.32 2.4 3
1.32 2.52 3
1.32 2.64 6
1.32 2.76 5
1.32 2.88 5
1.32 3 5

1.44 -3 120
1.44 -2.88 120
1.44 -2.76 6
1.44 -2.64 3
1.44 -2.52 3
1.44 -2.4 3
1.44 -2.28 6
1.44 -2.16 3
1.44 -2.04 4
1.44 -1.92 1
1.44 -1.8 10
1.44 -1.68 3
1.44 -1.56 4
1.44 -1.44 4
1.44 -1.32 2
1.44 -1.2 2
1.44 -1.08 120
1.44 -0.96 120
1.44 -0.84 120
1.44 -0.72 120
1.44 -0.6 120
1.44 -0.48 120
1.44 -0.36 120
1.44 -0.24 6
1.44 -0.12 5
1.44 1.66533e-15 4
1.44 0.12 3
1.44 0.24 2
1.44 0.36 3
1.44 0.48 3
1.44 0.6 5
1.44 0.72 3
1.44 0.84 3
1.44 0.96 3
1.44 1.08 3
1.44 1.2 3
1.44 1.32 4
1.44 1.44 1
1.44 1.56 120
1.44 1.68 120
1.44 1.8 120
1.44 1.92 120
1.44 2.04 120
1.44 2.16 120
1.44 2.28 120
1.44 2.4 12
1.44 2.52 4
1.44 2.64 1
1.44 2.76 120
1.44 2.88 120
1.44 3 120

1.56 -3 120
1.56 -2.88 120
1.56 -2.76 120
1.56 -2.64 120
1.56 -2.52 120
1.56 -2.4 120
1.56 -2.28 120
1.56 -2.16 12
1.56 -2.04 3
1.56 -1.92 5
1.56 -1.8 1
1.56 -1.68 11
1.56 -1.56 5
1.56 -1.44 1
1.56 -1.32 120
1.56 -1.2 120
1.56 -1.08 8
1.56 -0.96 1
1.56 -0.84 6
1.56 -0.72 2
1.56 -0.6 1
1.56 -0.48 7
1.56 -0.36 3
1.56 -0.24 2
1.56 -0.12 1
1.56 1.66533e-15 120
1.56 0.12 120
1.56 0.24 120
1.56 0.36 120
1.56 0.48 13
1.56 0.6 3
1.56 0.72 3
1.56 0.84 2
1.56 0.96 3
1.56 1.08 3
1.56 1.2 4
1.56 1.32 120
1.56 1.44 4
1.56 1.56 3
1.56 1.68 3
1.56 1.8 5
1.56 1.92 4
1.56 2.04 3
1.56 2.16 3
1.56 2.28 3
1.56 2.4 3
1.56 2.52 6
1.56 2.64 6
1.56 2.76 3
1.56 2.88 3
1.56 3 3

1.68 -3 120
1.68 -2.88 4
1.68 -2.76 1
1.68 -2.64 120
1.68 -2.52 120
1.68 -2.4 120
1.68 -2.28 120
1.68 -2.16 120
1.68 -2.04 120
1.68 -1.92 120
1.68 -1.8 120
1.68 -1.68 120
1.68 -1.56 120
1.68 -1.44 8
1.68 -1.32 3
1.68 -1.2 2
1.68 -1.08 1
1.68 -0.96 5
1.68 -0.84 1
1.68 -0.72 6
1.68 -0.6 3
1.68 -0.48 1
1.68 -0.36 7
1.68 -0.24 3
1.68 -0.12 3
1.68 1.66533e-15 3
1.68 0.12 3
1.68 0.24 2
1.68 0.36 2
1.68 0.48 3
1.68 0.6 3
1.68 0.72 3
1.68 0.84 3
1.68 0.96 3
1.68 1.08 6
1.68 1.2 3
1.68 1.32 4
1.68 1.44 3
1.68 1.56 3
1.68 1.68 4
1.68 1.8 3
1.68 1.92 5
1.68 2.04 3
1.68 2.16 3
1.68 2.28 4
1.68 2.4 3
1.68 2.52 3
1.68 2.64 3
1.68 2.76 3
1.68 2.88 3
1.68 3 2

1.8 -3 3
1.8 -2.88 3
1.8 -2.76 2
1.8 -2.64 1
1.8 -2.52 120
1.8 -2.4 120
1.8 -2.28 120
1.8 -2.16 120
1.8 -2.04 120
1.8 -1.92 120
1.8 -1.8 120
1.8 -1.68 120
1.8 -1.56 120
1.8 -1.44 120
1.8 -1.32 120
1.8 -1.2 120
1.8 -1.08 120
1.8 -0.96 5
1.8 -0.84 1
1.8 -0.72 5
1.8 -0.6 1
1.8 -0.48 7
1.8 -0.36 3
1.8 -0.24 2
1.8 -0.12 1
1.8 1.66533e-15 120
1.8 0.12 8
1.8 0.24 3
1.8 0.36 3
1.8 0.48 2
1.8 0.6 3
1.8 0.72 3
1.8 0.84 3
1.8 0.96 6
1.8 1.08 4
1.8 1.2 3
1.8 1.32 3
1.8 1.44 3
1.8 1.56 5
1.8 1.68 3
1.8 1.8 5
1.8 1.92 4
1.8 2.04 3
1.8 2.16 3
1.8 2.28 120
1.8 2.4 3
1.8 2.52 4
1.8 2.64 3
1.8 2.76 3
1.8 2.88 3
1.8 3 3

1.92 -3 9
1.92 -2.88 1
1.92 -2.76 120
1.92 -2.64 120
1.92 -2.52 120
1.92 -2.4 120
1.92 -2.28 120
1.92 -2.16 120
1.92 -2.04 12
1.92 -1.92 3
1.92 -1.8 1
1.92 -1.68 13
1.92 -1.56 3
1.92 -1.44 3
1.92 -1.32 3
1.92 -1.2 4
1.92 -1.08 3
1.92 -0.96 3
1.92 -0.84 3
1.92 -0.72 4
1.92 -0.6 120
1.92 -0.48 5
1.92 -0.36 3
1.92 -0.24 2
1.92 -0.12 2
1.92 1.66533e-15 2
1.92 0.12 2
1.92 0.24 2
1.92 0.36 3
1.92 0.48 1
1.92 0.6 6
1.92 0.72 2
1.92 0.84 1
1.92 0.96 5
1.92 1.08 1
1.92 1.2 6
1.92 1.32 2
1.92 1.44 1
1.92 1.56 8
1.92 1.68 2
1.92 1.8 1
1.92 1.92 120
1.92 2.04 120
1.92 2.16 120
1.92 2.28 120
1.92 2.4 15
1.92 2.52 3
1.92 2.64 1
1.92 2.76 120
1.92 2.88 14
1.92 3 3

2.04 -3 3
2.04 -2.88 3
2.04 -2.76 3
2.04 -2.64 3
2.04 -2.52 3
2.04 -2.4 3
2.04 -2.28 4
2.04 -2.16 3
2.04 -2.04 2
2.04 -1.92 2
2.04 -1.8 2
2.04 -1.68 2
2.04 -1.56 1
2.04 -1.44 120
2.04 -1.32 120
2.04 -1.2 120
2.04 -1.08 120
2.04 -0.96 120
2.04 -0.84 120
2.04 -0.72 120
2.04 -0.6 120
2.04 -0.48 120
2.04 -0.36 120
2.04 -0.24 120
2.04 -0.12 120
2.04 1.66533e-15 120
2.04 0.12 120
2.04 0.24 120
2.04 0.36 120
2.04 0.48 120
2.04 0.6 120
2.04 0.72 120
2.04 0.84 120
2.04 0.96 120
2.04 1.08 120
2.04 1.2 120
2.04 1.32 120
2.04 1.44 120
2.04 1.56 120
2.04 1.68 120
2.04 1.8 120
2.04 1.92 120
2.04 2.04 120
2.04 2.16 7
2.04 2.28 4
2.04 2.4 5
2.04 2.52 1
2.04 2.64 120
2.04 2.76 120
2.04 2.88 120
2.04 3 120

2.16 -3 120
2.16 -2.88 120
2.16 -2.76 120
2.16 -2.64 120
2.16 -2.52 120
2.16 -2.4 120
2.16 -2.28 120
2.16 -2.16 120
2.16 -2.04 120
2.16 -1.92 120
2.16 -1.8 120
2.16 -1.68 120
2.16 -1.56 120
2.16 -1.44 120
2.16 -1.32 120
2.16 -1.2 120
2.16 -1.08 120
2.16 -0.96 120
2.16 -0.84 120
2.16 -0.72 120
2.16 -0.6 120
2.16 -0.48 120
2.16 -0.36 120
2.16 -0.24 120
2.16 -0.12 120
2.16 1.66533e-15 120
2.16 0.12 120
2.16 0.24 120
2.16 0.36 120
2.16 0.48 120
2.16 0.6 120
2.16 0.72 120
2.16 0.84 120
2.16 0.96 120
2.16 1.08 120
2.16 1.2 120
2.16 1.32 2
2.16 1.44 1
2.16 1.56 120
2.16 1.68 120
2.16 1.8 120
2.16 1.92 120
2.16 2.04 120
2.16 2.16 120
2.16 2.28 120
2.16 2.4 120
2.16 2.52 120
2.16 2.64 120
2.16 2.76 120
2.16 2.88 120
2.16 3 120

2.28 -3 120
2.28 -2.88 120
2.28 -2.76 120
2.28 -2.64 120
2.28 -2.52 120
2.28 -2.4 120
2.28 -2.28 120
2.28 -2.16 120
2.28 -2.04 120
2.28 -1.92 120
2.28 -1.8 120
2.28 -1.68 120
2.28 -1.56 120
2.28 -1.44 120
2.28 -1.32 120
2.28 -1.2 120
2.28 -1.08 120
2.28 -0.96 120
2.28 -0.84 10
2.28 -0.72 5
2.28 -0.6 5
2.28 -0.48 4
2.28 -0.36 5
2.28 -0.24 4
2.28 -0.12 4
2.28 1.66533e-15 120
2.28 0.12 5
2.28 0.24 3
2.28 0.36 3
2.28 0.48 5
2.28 0.6 5
2.28 0.72 5
2.28 0.84 5
2.28 0.96 5
2.28 1.08 7
2.28 1.2 5
2.28 1.32 5
2.28 1.44 5
2.28 1.56 5
2.28 1.68 120
2.28 1.8 8
2.28 1.92 120
2.28 2.04 6
2.28 2.16 2
2.28 2.28 2
2.28 2.4 1
2.28 2.52 120
2.28 2.64 9
2.28 2.76 3
2.28 2.88 3
2.28 3 3

2.4 -3 120
2.4 -2.88 5
2.4 -2.76 5
2.4 -2.64 3
2.4 -2.52 3
2.4 -2.4 3
2.4 -2.28 4
2.4 -2.16 3
2.4 -2.04 3
2.4 -1.92 4
2.4 -1.8 1
2.4 -1.68 9
2.4 -1.56 3
2.4 -1.44 3
2.4 -1.32 3
2.4 -1.2 3
2.4 -1.08 4
2.4 -0.96 3
2.4 -0.84 3
2.4 -0.72 4
2.4 -0.6 3
2.4 -0.48 3
2.4 -0.36 3
2.4 -0.24 5
2.4 -0.12 3
2.4 1.66533e-15 3
2.4 0.12 4
2.4 0.24 3
2.4 0.36 3
2.4 0.48 3
2.4 0.6 4
2.4 0.72 3
2.4 0.84 3
2.4 0.96 3
2.4 1.08 4
2.4 1.2 3
2.4 1.32 3
2.4 1.44 5
2.4 1.56 2
2.4 1.68 2
2.4 1.8 1
2.4 1.92 120
2.4 2.04 8
2.4 2.16 5
2.4 2.28 5
2.4 2.4 5
2.4 2.52 5
2.4 2.64 9
2.4 2.76 3
2.4 2.88 3
2.4 3 3

2.52 -3 120
2.52 -2.88 6
2.52 -2.76 4
2.52 -2.64 3
2.52 -2.52 3
2.52 -2.4 3
2.52 -2.28 3
2.52 -2.16 3
2.52 -2.04 4
2.52 -1.92 3
2.52 -1.8 3
2.52 -1.68 3
2.52 -1.56 3
2.52 -1.44 3
2.52 -1.32 5
2.52 -1.2 3
2.52 -1.08 3
2.52 -0.96 5
2.52 -0.84 3
2.52 -0.72 3
2.52 -0.6 5
2.52 -0.48 4
2.52 -0.36 4
2.52 -0.24 5
2.52 -0.12 4
2.52 1.66533e-15 4
2.52 0.12 4
2.52 0.24 5
2.52 0.36 4
2.52 0.48 4
2.52 0.6 4
2.52 0.72 3
2.52 0.84 3
2.52 0.96 3
2.52 1.08 5
2.52 1.2 5
2.52 1.32 4
2.52 1.44 5
2.52 1.56 3
2.52 1.68 3
2.52 1.8 3
2.52 1.92 5
2.52 2.04 5
2.52 2.16 5
2.52 2.28 5
2.52 2.4 7
2.52 2.52 4
2.52 2.64 3
2.52 2.76 3
2.52 2.88 3
2.52 3 4

2.64 -3 120
2.64 -2.88 6
2.64 -2.76 120
2.64 -2.64 4
2.64 -2.52 4
2.64 -2.4 3
2.64 -2.28 3
2.64 -2.16 3
2.64 -2.04 3
2.64 -1.92 3
2.64 -1.8 3
2.64 -1.68 3
2.64 -1.56 3
2.64 -1.44 4
2.64 -1.32 3
2.64 -1.2 3
2.64 -1.08 4
2.64 -0.96 3
2.64 -0.84 3
2.64 -0.72 5
2.64 -0.6 3
2.64 -0.48 3
2.64 -0.36 5
2.64 -0.24 4
2.64 -0.12 4
2.64 1.66533e-15 4
2.64 0.12 4
2.64 0.24 4
2.64 0.36 4
2.64 0.48 4
2.64 0.6 4
2.64 0.72 5
2.64 0.84 3
2.64 0.96 3
2.64 1.08 3
2.64 1.2 3
2.64 1.32 3
2.64 1.44 5
2.64 1.56 3
2.64 1.68 5
2.64 1.8 5
2.64 1.92 3
2.64 2.04 3
2.64 2.16 3
2.64 2.28 4
2.64 2.4 3
2.64 2.52 3
2.64 2.64 3
2.64 2.76 3
2.64 2.88 3
2.64 3 3

2.76 -3 120
2.76 -2.88 6
2.76 -2.76 3
2.76 -2.64 3
2.76 -2.52 3
2.76 -2.4 4
2.76 -2.28 3
2.76 -2.16 3
2.76 -2.04 3
2.76 -1.92 3
2.76 -1.8 3
2.76 -1.68 3
2.76 -1.56 3
2.76 -1.44 4
2.76 -1.32 3
2.76 -1.2 3
2.76 -1.08 3
2.76 -0.96 5
2.76 -0.84 5
2.76 -0.72 3
2.76 -0.6 3
2.76 -0.48 5
2.76 -0.36 5
2.76 -0.24 4
2.76 -0.12 4
2.76 1.66533e-15 4
2.76 0.12 4
2.76 0.24 4
2.76 0.36 4
2.76 0.48 4
2.76 0.6 4
2.76 0.72 3
2.76 0.84 3
2.76 0.96 4
2.76 1.08 4
2.76 1.2 4
2.76 1.32 4
2.76 1.44 3
2.76 1.56 3
2.76 1.68 3
2.76 1.8 3
2.76 1.92 5
2.76 2.04 3
2.76 2.16 5
2.76 2.28 5
2.76 2.4 5
2.76 2.52 5
2.76 2.64 4
2.76 2.76 3
2.76 2.88 1
2.76 3 120

2.88 -3 120
2.88 -2.88 120
2.88 -2.76 120
2.88 -2.64 120
2.88 -2.52 120
2.88 -2.4 120
2.88 -2.28 120
2.88 -2.16 13
2.88 -2.04 3
2.88 -1.92 1
2.88 -1.8 120
2.88 -1.68 120
2.88 -1.56 120
2.88 -1.44 120
2.88 -1.32 120
2.88 -1.2 120
2.88 -1.08 120
2.88 -0.96 6
2.88 -0.84 3
2.88 -0.72 3
2.88 -0.6 1
2.88 -0.48 9
2.88 -0.36 3
2.88 -0.24 1
2.88 -0.12 13
2.88 1.66533e-15 3
2.88 0.12 3
2.88 0.24 1
2.88 0.36 120
2.88 0.48 120
2.88 0.6 11
2.88 0.72 3
2.88 0.84 3
2.88 0.96 1
2.88 1.08 9
2.88 1.2 3
2.88 1.32 3
2.88 1.44 3
2.88 1.56 4
2.88 1.68 3
2.88 1.8 2
2.88 1.92 1
2.88 2.04 120
2.88 2.16 120
2.88 2.28 120
2.88 2.4 120
2.88 2.52 120
2.88 2.64 120
2.88 2.76 120
2.88 2.88 120
2.88 3 120

3 -3 120
3 -2.88 120
3 -2.76 120
3 -2.64 120
3 -2.52 10
3 -2.4 3
3 -2.28 3
3 -2.16 3
3 -2.04 3
3 -1.92 3
3 -1.8 3
3 -1.68 4
3 -1.56 4
3 -1.44 3
3 -1.32 3
3 -1.2 3
3 -1.08 3
3 -0.96 3
3 -0.84 3
3 -0.72 3
3 -0.6 4
3 -0.48 3
3 -0.36 3
3 -0.24 3
3 -0.12 3
3 1.66533e-15 4
3 0.12 3
3 0.24 3
3 0.36 3
3 0.48 3
3 0.6 4
3 0.72 3
3 0.84 3
3 0.96 3
3 1.08 3
3 1.2 4
3 1.32 3
3 1.44 3
3 1.56 3
3 1.68 4
3 1.8 3
3 1.92 3
3 2.04 5
3 2.16 6
3 2.28 3
3 2.4 3
3 2.52 3
3 2.64 3
3 2.76 3
3 2.88 3
3 3 4

