-4.90828 -5.01389
-4.81653 -9.92968
-4.72473 -14.7474
-4.63289 -19.467
-4.541 -24.0885
-4.44906 -28.6118
-4.35707 -33.0371
-4.26503 -37.3643
-4.17294 -41.5934
-4.08079 -45.7244
-3.98857 -49.7573
-3.89629 -53.692
-3.80395 -57.5287
-3.71154 -61.2673
-3.61905 -64.9078
-3.52648 -68.4502
-3.43382 -71.8944
-3.34108 -75.2406
-3.24825 -78.4887
-3.15531 -81.6386
-3.06227 -84.6905
-2.96911 -87.6442
-2.87583 -90.4999
-2.78242 -93.2574
-2.68887 -95.9169
-2.59516 -98.4782
-2.50129 -100.941
-2.40724 -103.307
-2.31299 -105.574
-2.21853 -107.743
-2.12383 -109.813
-2.02887 -111.786
-1.93362 -113.661
-1.83804 -115.437
-1.74211 -117.115
-1.64575 -118.696
-1.54893 -120.178
-1.45156 -121.562
-1.35356 -122.847
-1.25481 -124.035
-1.15517 -125.124
-1.05443 -126.116
-0.952339 -127.009
-0.848505 -127.803
-0.742369 -128.5
-0.633048 -129.097
-0.519048 -129.596
-0.397563 -129.994
-0.262545 -130.29
-0.0993174 -130.468
0.0993174 -130.468
0.262545 -130.29
0.397563 -129.994
0.519048 -129.596
0.633048 -129.097
0.742369 -128.5
0.848505 -127.803
0.952339 -127.009
1.05443 -126.116
1.15517 -125.124
1.25481 -124.035
1.35356 -122.847
1.45156 -121.562
1.54893 -120.178
1.64575 -118.696
1.74211 -117.115
1.83804 -115.437
1.93362 -113.661
2.02887 -111.786
2.12383 -109.813
2.21853 -107.743
2.31299 -105.574
2.40724 -103.307
2.50129 -100.941
2.59516 -98.4782
2.68887 -95.9169
2.78242 -93.2574
2.87583 -90.4999
2.96911 -87.6442
3.06227 -84.6905
3.15531 -81.6386
3.24825 -78.4887
3.34108 -75.2406
3.43382 -71.8944
3.52648 -68.4502
3.61905 -64.9078
3.71154 -61.2673
3.80395 -57.5287
3.89629 -53.692
3.98857 -49.7573
4.08079 -45.7244
4.17294 -41.5934
4.26503 -37.3643
4.35707 -33.0371
4.44906 -28.6118
4.541 -24.0885
4.63289 -19.467
4.72473 -14.7474
4.81653 -9.92968
4.90828 -5.01389

Norm of force: 3.44168e-08
