2 0.075001 0.034057 0.017001
7 0.025047 0.018342 0.014029
12 0.054189 0.037984 0.031909
17 0.079537 0.065795 0.064254
22 0.128786 0.103702 0.108971
27 0.173116 0.147711 0.187228
32 0.235338 0.197933 0.238446
37 0.34337 0.306772 0.405164
42 0.459483 0.411266 0.588954
47 0.552244 0.425069 0.622312
52 0.622867 0.616666 1.22537
57 0.697068 0.573973 0.951107
62 0.770832 0.663264 1.18542
67 0.966419 0.849852 1.5467
72 1.13393 1.02097 1.86116
77 1.32459 1.20556 2.22684
82 1.63275 1.40634 2.76957
87 1.84665 1.63648 3.48489
92 2.07994 1.8678 3.85085
97 2.47367 2.1685 4.37147
102 2.76632 2.52322 5.14838
107 3.04415 2.73777 5.94821
112 3.54036 3.22007 6.80271
117 4.04967 3.51274 7.62959
122 4.41565 4.10072 8.65484
127 5.09969 4.5267 9.82099
132 5.47081 5.06937 10.9881
137 5.9732 5.47833 12.0836
142 6.61892 6.11714 13.4617
147 7.74708 8.13279 16.1043
152 8.05873 7.46876 16.426
157 8.56369 7.97511 17.9746
162 9.35418 8.62374 19.8452
167 10.1591 9.48615 21.6745
172 11.1036 10.5491 24.3338
177 12.1139 11.3071 26.3172
182 12.8379 12.3534 28.324
187 13.7781 13.0666 30.3483
192 14.9913 13.8786 32.5122
197 16.8436 15.1933 37.8711
202 17.7187 16.3514 38.7713
