-3 -0.000118185 -0.000116619 -0.000800918 -0.0042128 0
-2.96985 -0.000146276 -0.000144051 -0.00100133 -0.00247694 -0.00198482
-2.9397 -0.000176556 -0.000176016 -0.00110362 -0.000938552 -0.00397055
-2.90955 -0.00020792 -0.0002097 -0.00111607 0.00052269 -0.00595727
-2.8794 -0.000238753 -0.000242427 -0.00103973 0.00202604 -0.007945
-2.84925 -0.000266851 -0.000271447 -0.000868607 0.00368403 -0.00993367
-2.8191 -0.000289336 -0.00029373 -0.0005903 0.00559618 -0.0119231
-2.78894 -0.000302596 -0.000305788 -0.000186963 0.00784209 -0.0139131
-2.75879 -0.000302244 -0.000303529 0.000363263 0.010474 -0.0159032
-2.72864 -0.000283112 -0.000282165 0.00108438 0.0135094 -0.017893
-2.69849 -0.000239299 -0.000236181 0.00200018 0.016923 -0.0198818
-2.66834 -0.000164268 -0.000159383 0.00313148 0.0206399 -0.0218688
-2.63819 -5.10226e-05 -4.50324e-05 0.0044929 0.0245286 -0.0238529
-2.60804 0.000107627 0.000113912 0.00608933 0.0283968 -0.0258329
-2.57789 0.000318713 0.000324444 0.0079121 0.0319872 -0.0278073
-2.54774 0.000588642 0.000593043 0.00993507 0.0349775 -0.0297745
-2.51759 0.00092263 0.000925087 0.0121107 0.0369822 -0.0317327
-2.48744 0.00132402 0.00132415 0.0143665 0.0375583 -0.0336799
-2.45729 0.0017935 0.00179121 0.0166018 0.036216 -0.035614
-2.42714 0.00232825 0.00232375 0.0186853 0.0324336 -0.037533
-2.39698 0.00292104 0.00291481 0.0204536 0.0256784 -0.0394351
-2.36683 0.00355927 0.00355202 0.021712 0.015435 -0.0413186
-2.33668 0.00422407 0.0042167 0.0222356 0.00123853 -0.0431825
-2.30653 0.00488952 0.00488297 0.0217743 -0.0172837 -0.0450262
-2.27638 0.00552195 0.00551713 0.0200594 -0.0403661 -0.0468501
-2.24623 0.00607955 0.00607719 0.0168133 -0.0680544 -0.048656
-2.21608 0.00651233 0.00651286 0.0117629 -0.100155 -0.0504468
-2.18593 0.00676236 0.00676583 0.00465521 -0.136183 -0.0522269
-2.15578 0.00676469 0.00677073 -0.00472393 -0.175324 -0.0540031
-2.12563 0.00644876 0.00645656 -0.0165285 -0.216396 -0.0557837
-2.09548 0.00574044 0.00574891 -0.0308296 -0.257834 -0.0575795
-2.06533 0.00456486 0.00457271 -0.0475923 -0.297682 -0.0594035
-2.03518 0.0028499 0.00285588 -0.0666525 -0.333617 -0.061271
-2.00503 0.00053039 0.000533484 -0.0876955 -0.362976 -0.0631992
-1.97487 -0.00244705 -0.00244741 -0.110237 -0.382825 -0.0652073
-1.94472 -0.0061186 -0.00612243 -0.133611 -0.39004 -0.0673156
-1.91457 -0.0104975 -0.0105042 -0.156959 -0.381414 -0.0695454
-1.88442 -0.0155681 -0.0155765 -0.179229 -0.353801 -0.0719178
-1.85427 -0.0212801 -0.0212888 -0.199188 -0.304275 -0.074453
-1.82412 -0.0275432 -0.0275506 -0.215434 -0.23032 -0.0771689
-1.79397 -0.0342224 -0.0342271 -0.226435 -0.130047 -0.0800803
-1.76382 -0.0411347 -0.041136 -0.230568 -0.00241429 -0.083197
-1.73367 -0.0480475 -0.048045 -0.226177 0.152539 -0.0865227
-1.70352 -0.0546785 -0.0546728 -0.211648 0.333471 -0.0900532
-1.67337 -0.0606985 -0.0606908 -0.185493 0.537546 -0.0937753
-1.64322 -0.0657368 -0.0657286 -0.146442 0.760283 -0.0976649
-1.61307 -0.0693892 -0.0693822 -0.0935489 0.995467 -0.101687
-1.58291 -0.0712297 -0.0712252 -0.0262941 1.23515 -0.105792
-1.55276 -0.0708243 -0.0708233 0.0553123 1.46973 -0.109921
-1.52261 -0.0677491 -0.0677517 0.150636 1.68817 -0.113998
-1.49246 -0.0616095 -0.061615 0.258342 1.87828 -0.117937
-1.46231 -0.0520625 -0.0520696 0.376334 2.02714 -0.121641
-1.43216 -0.0388398 -0.0388469 0.501728 2.1216 -0.125002
-1.40201 -0.0217715 -0.021777 0.630855 2.1489 -0.127907
-1.37186 -0.000809371 -0.000811994 0.759304 2.09729 -0.130238
-1.34171 0.0239519 0.0239526 0.882004 1.95673 -0.131879
-1.31156 0.0522564 0.0522602 0.993349 1.71961 -0.13272
-1.28141 0.083673 0.0836789 1.08736 1.38135 -0.132658
-1.25126 0.117587 0.117594 1.15789 0.941119 -0.13161
-1.22111 0.153199 0.153204 1.19888 0.402261 -0.129512
-1.19095 0.18953 0.189533 1.20458 -0.227236 -0.126327
-1.1608 0.225437 0.225436 1.1699 -0.934521 -0.122049
-1.13065 0.259635 0.259631 1.09066 -1.70182 -0.116711
-1.1005 0.290732 0.290727 0.963902 -2.50661 -0.110386
-1.07035 0.317269 0.317263 0.788144 -3.32204 -0.103188
-1.0402 0.337767 0.337763 0.563652 -4.11761 -0.0952769
-1.01005 0.350786 0.350784 0.292613 -4.86015 -0.0868571
-0.979899 0.354981 0.354982 -0.0207345 -5.51499 -0.0781746
-0.949749 0.349168 0.349171 -0.370049 -6.04737 -0.0695137
-0.919598 0.332385 0.33239 -0.746934 -6.42404 -0.0611912
-0.889447 0.303952 0.303956 -1.14107 -6.61489 -0.0535491
-0.859296 0.263525 0.263528 -1.54046 -6.59456 -0.0469447
-0.829146 0.211145 0.211145 -1.93176 -6.34407 -0.0417401
-0.798995 0.147267 0.147264 -2.30071 -5.85205 -0.0382899
-0.768844 0.072785 0.0727809 -2.63262 -5.11591 -0.0369284
-0.738693 -0.0109636 -0.010968 -2.91293 -4.14262 -0.0379562
-0.708543 -0.102212 -0.102215 -3.1278 -2.94915 -0.0416271
-0.678392 -0.198795 -0.198795 -3.26472 -1.56262 -0.0481354
-0.648241 -0.298196 -0.298192 -3.31311 -0.019807 -0.0576049
-0.61809 -0.397614 -0.397609 -3.26488 1.63402 -0.070079
-0.58794 -0.494051 -0.494045 -3.11486 3.34657 -0.0855133
-0.557789 -0.584399 -0.584397 -2.86125 5.06002 -0.103771
-0.527638 -0.665554 -0.665559 -2.50584 6.71223 -0.124623
-0.497487 -0.734526 -0.734535 -2.05426 8.23874 -0.147745
-0.467337 -0.788553 -0.788561 -1.51603 9.57608 -0.172728
-0.437186 -0.825212 -0.825214 -0.904333 10.6661 -0.199083
-0.407035 -0.842526 -0.84252 -0.235632 11.4594 -0.226257
-0.376884 -0.839053 -0.839042 0.470951 11.9168 -0.253641
-0.346734 -0.813963 -0.813953 1.19423 12.0094 -0.280596
-0.316583 -0.76709 -0.767087 1.91162 11.7193 -0.306467
-0.286432 -0.698968 -0.698973 2.59982 11.042 -0.330601
-0.256281 -0.61083 -0.61084 3.23573 9.98783 -0.352376
-0.226131 -0.504592 -0.504601 3.79733 8.58328 -0.371215
-0.19598 -0.382798 -0.382804 4.26467 6.86964 -0.38661
-0.165829 -0.248555 -0.248555 4.6207 4.90109 -0.398135
-0.135678 -0.105429 -0.105424 4.85193 2.74231 -0.40547
-0.105528 0.0426669 0.0426746 4.94906 0.465894 -0.408404
-0.0753769 0.191607 0.191614 4.90732 -1.85039 -0.40685
-0.0452261 0.337192 0.337196 4.7267 -4.12653 -0.400845
-0.0150754 0.475293 0.475293 4.41204 -6.28348 -0.390554
0.0150754 0.601999 0.601995 3.97281 -8.24627 -0.376261
0.0452261 0.71375 0.713744 3.42279 -9.94705 -0.358365
0.0753769 0.807463 0.807457 2.7796 -11.3279 -0.337364
0.105528 0.880635 0.88063 2.06397 -12.343 -0.313843
0.135678 0.931423 0.931421 1.29899 -12.9607 -0.288448
0.165829 0.95871 0.958711 0.509201 -13.1645 -0.261875
0.19598 0.962126 0.96213 -0.280334 -12.9534 -0.234838
0.226131 0.942052 0.942058 -1.04497 -12.3423 -0.208055
0.256281 0.899596 0.899602 -1.7614 -11.3607 -0.182218
0.286432 0.836537 0.83654 -2.40851 -10.0513 -0.157977
0.316583 0.755244 0.755246 -2.96811 -8.46804 -0.135918
0.346734 0.658589 0.658587 -3.42553 -6.67354 -0.116551
0.376884 0.54982 0.549817 -3.77009 -4.7364 -0.100288
0.407035 0.43245 0.432446 -3.99533 -2.72815 -0.0874442
0.437186 0.310119 0.310114 -4.09912 -0.720294 -0.0782228
0.467337 0.186466 0.186463 -4.08359 1.21855 -0.0727188
0.497487 0.0650077 0.0650071 -3.95482 3.02529 -0.0709185
0.527638 -0.0509786 -0.0509769 -3.7225 4.64463 -0.0727055
0.557789 -0.158555 -0.158552 -3.39936 6.03089 -0.0778697
0.58794 -0.255207 -0.255202 -3.00055 7.14936 -0.0861183
0.61809 -0.338902 -0.338898 -2.54297 7.97709 -0.0970902
0.648241 -0.408139 -0.408137 -2.04456 8.50321 -0.110371
0.678392 -0.461962 -0.461961 -1.52351 8.72864 -0.125508
0.708543 -0.499958 -0.499959 -0.997666 8.66538 -0.14203
0.738693 -0.52224 -0.522243 -0.483809 8.33538 -0.15946
0.768844 -0.529404 -0.529408 0.00285059 7.76901 -0.177332
0.798995 -0.522474 -0.522477 0.449147 7.00329 -0.195204
0.829146 -0.502836 -0.502838 0.844299 6.07996 -0.212672
0.859296 -0.472162 -0.472162 1.18013 5.04343 -0.229377
0.889447 -0.432328 -0.432326 1.45118 3.93883 -0.245014
0.919598 -0.385336 -0.385333 1.65468 2.81011 -0.259337
0.949749 -0.333232 -0.333228 1.79044 1.69838 -0.272161
0.979899 -0.27803 -0.278027 1.8606 0.640457 -0.283362
1.01005 -0.221651 -0.221649 1.8694 -0.332186 -0.292876
1.0402 -0.165858 -0.165857 1.82276 -1.19423 -0.300695
1.07035 -0.112216 -0.112218 1.72797 -1.92695 -0.306861
1.1005 -0.0620575 -0.0620598 1.59321 -2.51829 -0.311459
1.13065 -0.0164554 -0.0164584 1.42721 -2.96274 -0.314611
1.1608 0.0237814 0.0237786 1.23884 -3.26082 -0.316467
1.19095 0.0581103 0.0581083 1.03678 -3.41849 -0.317198
1.22111 0.0862431 0.0862424 0.829177 -3.44632 -0.316987
1.25126 0.108127 0.108128 0.623465 -3.35855 -0.316023
1.28141 0.123921 0.123923 0.42611 -3.17214 -0.31449
1.31156 0.133959 0.133962 0.242503 -2.90578 -0.31257
1.34171 0.138724 0.138727 0.0768799 -2.57893 -0.310427
1.37186 0.138808 0.13881 -0.0676986 -2.21098 -0.308213
1.40201 0.134875 0.134876 -0.189317 -1.82041 -0.306059
1.43216 0.127634 0.127633 -0.287134 -1.42423 -0.304075
1.46231 0.117801 0.1178 -0.361273 -1.03739 -0.30235
1.49246 0.106079 0.106076 -0.41269 -0.672504 -0.300952
1.52261 0.0931283 0.0931257 -0.443024 -0.339575 -0.299928
1.55276 0.0795538 0.0795517 -0.454436 -0.0459789 -0.299305
1.58291 0.0658885 0.0658874 -0.449457 0.203494 -0.299093
1.61307 0.0525859 0.0525859 -0.43083 0.406469 -0.29929
1.64322 0.0400152 0.0400164 -0.401376 0.562734 -0.299877
1.67337 0.0284612 0.0284632 -0.36387 0.673926 -0.300828
1.70352 0.0181266 0.0181289 -0.320942 0.743183 -0.30211
1.73367 0.0091381 0.00914015 -0.274997 0.774783 -0.303683
1.76382 0.001554 0.00155508 -0.228157 0.773789 -0.305506
1.79397 -0.00462688 -0.00462724 -0.182221 0.745712 -0.307537
1.82412 -0.00945494 -0.009457 -0.138652 0.696217 -0.309734
1.85427 -0.0130196 -0.0130233 -0.0985695 0.632273 -0.312057
1.88442 -0.0154393 -0.00501155 1.74515 33.5158 -0.314427
1.91457 -0.0168515 -0.0223508 1.30358 -101.728 -0.316921
1.94472 -0.0174047 -0.0174105 -0.0057665 0.389338 -0.319439
1.97487 -0.0172502 -0.0172554 0.0152375 0.307721 -0.321944
2.00503 -0.0165361 -0.01654 0.0314381 0.230562 -0.324436
2.03518 -0.0154023 -0.0154045 0.0431792 0.160111 -0.326899
2.06533 -0.0139762 -0.0139766 0.0509123 0.0978177 -0.329324
2.09548 -0.0123709 -0.0123694 0.0551577 0.04453 -0.331702
2.12563 -0.0106828 -0.0106799 0.0564704 0.000559137 -0.33403
2.15578 -0.00899184 -0.00898803 0.0554095 -0.0342522 -0.336308
2.18593 -0.00736108 -0.00735709 0.0525129 -0.060439 -0.338535
2.21608 -0.00583802 -0.00583484 0.0482798 -0.0786877 -0.340714
2.24623 -0.00445578 -0.00445453 0.0431716 -0.0895435 -0.34285
2.27638 -0.00323479 -0.00323602 0.0376144 -0.0937919 -0.344946
2.30653 -0.00218468 -0.00218732 0.031953 -0.0934336 -0.347009
2.33668 -0.0013062 -0.00130817 0.0263916 -0.0907152 -0.349042
2.36683 -0.000593129 -0.000593605 0.0210578 -0.0856984 -0.351051
2.39698 -3.40465e-05 -3.43466e-05 0.0161227 -0.0774603 -0.353041
2.42714 0.000386016 0.000384413 0.0117599 -0.067069 -0.355016
2.45729 0.000684161 0.000681239 0.00803543 -0.0565482 -0.356981
2.48744 0.00087842 0.000875146 0.00492612 -0.0466885 -0.358938
2.51759 0.00098678 0.000984075 0.0023925 -0.0374424 -0.360891
2.54774 0.00102643 0.00102483 0.000396892 -0.0288759 -0.362841
2.57789 0.00101323 0.00101295 -0.00110793 -0.0211977 -0.364791
2.60804 0.00096132 0.000962365 -0.00218046 -0.0145528 -0.366742
2.63819 0.000882951 0.000885161 -0.00288475 -0.00898537 -0.368695
2.66834 0.000788405 0.000791461 -0.00328529 -0.00446966 -0.370651
2.69849 0.000686026 0.000689486 -0.00344354 -0.000934844 -0.37261
2.72864 0.000582344 0.000585678 -0.00341574 0.00171985 -0.374571
2.75879 0.000482239 0.000484882 -0.00325142 0.00361371 -0.376536
2.78894 0.000389143 0.00039056 -0.00299263 0.00487521 -0.378504
2.8191 0.000305262 0.000305025 -0.00267355 0.00563453 -0.380474
2.84925 0.000231792 0.000229678 -0.00232064 0.0060178 -0.382447
2.8794 0.000169133 0.000165233 -0.00195297 0.00614278 -0.384422
2.90955 0.000117079 0.000111934 -0.00158284 0.00611589 -0.386399
2.9397 7.49938e-05 6.97452e-05 -0.00121654 0.0060303 -0.388377
2.96985 4.19543e-05 3.85237e-05 -0.000855156 0.00596486 -0.390356
3 1.68747e-05 1.81599e-05 -0.000495456 0.00598382 -0.392336
