0 1 0 1 -0.1
0.040404 0.995445 0.001 0.9999 -0.100841
0.0808081 0.989837 0.003 0.999696 -0.102524
0.121212 0.983147 0.007 0.999279 -0.105889
0.161616 0.975347 0.015 0.998405 -0.112616
0.20202 0.966412 0.031 0.996496 -0.126057
0.242424 0.956322 0.063 0.992033 -0.152886
0.282828 0.945058 0.127 0.980537 -0.206271
0.323232 0.932607 0.255 0.947375 -0.311494
0.363636 0.918958 0.511 0.841641 -0.511738
0.40404 0.904104 0.770932 0.684565 -0.691942
0.444444 0.88804 0.996681 0.513361 -0.819508
0.484848 0.870767 1.20427 0.33378 -0.904996
0.525253 0.852289 1.40152 0.150025 -0.952329
0.565657 0.832612 1.60067 -0.0413412 -0.963165
0.606061 0.811747 1.79342 -0.225083 -0.937522
0.646465 0.789709 1.987 -0.401316 -0.877777
0.686869 0.766514 2.18659 -0.567702 -0.78465
0.727273 0.742185 2.39809 -0.72065 -0.657382
0.767677 0.716746 2.62799 -0.853435 -0.49416
0.808081 0.690224 2.87901 -0.952989 -0.296471
0.848485 0.662649 3.13939 -1.00215 -0.0799154
0.888889 0.634057 3.39843 -0.994538 0.138482
0.929293 0.604484 3.6569 -0.931046 0.351267
0.969697 0.573968 3.91622 -0.813704 0.550472
1.0101 0.542553 4 -0.765072 0.60997
1.05051 0.510283
1.09091 0.477204
1.13131 0.443367
1.17172 0.408823
1.21212 0.373624
1.25253 0.337825
1.29293 0.301483
1.33333 0.264655
1.37374 0.2274
1.41414 0.189779
1.45455 0.15185
1.49495 0.113676
1.53535 0.0753189
1.57576 0.0368398
1.61616 -0.00169895
1.65657 -0.0402352
1.69697 -0.0787071
1.73737 -0.117053
1.77778 -0.155213
1.81818 -0.193125
1.85859 -0.23073
1.89899 -0.267971
1.93939 -0.304788
1.9798 -0.341126
2.0202 -0.376929
2.06061 -0.412144
2.10101 -0.446718
2.14141 -0.4806
2.18182 -0.513741
2.22222 -0.546094
2.26263 -0.577613
2.30303 -0.608253
2.34343 -0.637973
2.38384 -0.666732
2.42424 -0.694492
2.46465 -0.721216
2.50505 -0.74687
2.54545 -0.771421
2.58586 -0.794839
2.62626 -0.817095
2.66667 -0.838162
2.70707 -0.858015
2.74747 -0.876633
2.78788 -0.893993
2.82828 -0.910077
2.86869 -0.924867
2.90909 -0.938348
2.94949 -0.950506
2.9899 -0.96133
3.0303 -0.970809
3.07071 -0.978934
3.11111 -0.985698
3.15152 -0.991096
3.19192 -0.995123
3.23232 -0.997777
3.27273 -0.999056
3.31313 -0.998961
3.35354 -0.997493
3.39394 -0.994654
3.43434 -0.990448
3.47475 -0.984879
3.51515 -0.977953
3.55556 -0.969678
3.59596 -0.960061
3.63636 -0.949109
3.67677 -0.936834
3.71717 -0.923245
3.75758 -0.908353
3.79798 -0.892169
3.83838 -0.874707
3.87879 -0.85598
3.91919 -0.836
3.9596 -0.814782
4 -0.792342
